1,12985
18,567
19,10717
21,18466
30,15974
35,18242
41,17836
45,4585
49,7770
69,1904
80,6433
83,11648
86,8232
91,12971
94,3486
120,6335
123,11893
129,17122
133,8442
140,9037
156,5285
166,13517
167,1099
171,4627
177,14196
199,12138
200,19033
215,889
219,8876
224,10934
230,9163
232,9107
239,6615
242,17024
245,14322
251,1533
267,16443
273,2205
279,2856
280,14749
286,5495
288,3808
293,16821
295,4207
296,19460
297,1652
307,7168
309,17717
311,7707
322,5600
326,6916
332,1239
348,8015
352,7567
364,665
378,5544
380,1414
394,5446
397,8820
399,3465
414,5173
418,8295
424,5348
428,679
441,11774
452,224
455,2324
461,13286
473,3717
476,13699
519,12768
521,17108
523,10395
525,9240
538,18284
545,14826
547,15120
556,10094
567,1435
569,16485
583,4879
585,2716
586,15134
592,13293
594,19775
599,15554
608,8169
618,14714
619,13125
633,10507
638,10808
639,13104
645,4886
662,18207
674,9695
680,9632
683,7889
687,13720
694,13356
695,11865
701,11914
707,10759
714,14623
718,455
720,2212
728,16471
741,15400
744,3318
753,16632
755,18900
756,8897
761,2618
774,9345
777,18655
781,2534
790,9450
797,2604
803,11620
814,16079
816,8141
818,16779
821,8512
829,12089
832,11116
839,6076
844,14588
845,1050
849,3192
863,11207
871,11326
873,9835
881,17465
891,13902
897,17822
930,15281
934,6706
937,245
939,6440
943,17598
953,10892
962,5523
964,5194
967,9569
968,6328
969,9247
972,16674
973,9429
983,7868
985,19985
989,13601
998,14791
1005,5390
1011,10332
1019,4949
1020,6405
1021,15799
1030,8022
1057,6027
1061,9688
1065,4648
1068,10374
1082,14798
1098,13139
1100,4515
1105,13692
1118,6020
1125,18872
1135,17395
1149,16611
1160,10304
1164,12943
1170,14154
1171,10983
1178,987
1179,19614
1191,9982
1211,2219
1232,14455
1239,3108
1243,7651
1252,994
1254,4557
1264,777
1267,2681
1269,4802
1279,19432
1281,5558
1283,19698
1290,1897
1295,2870
1310,8225
1312,16954
1314,7959
1316,8127
1317,8113
1318,17262
1324,2177
1328,12355
1329,19649
1331,13755
1334,9464
1348,11074
1349,4956
1356,2135
1362,12621
1363,3388
1384,18431
1398,9555
1411,10031
1430,17031
1431,17339
1443,13307
1466,8652
1473,16436
1485,2002
1490,5208
1497,16240
1520,3962
1526,15232
1540,13986
1546,749
1548,5943
1550,8890
1560,18935
1568,13566
1573,6895
1574,10885
1581,5509
1584,1400
1588,406
1602,19271
1606,21
1608,4809
1620,18515
1623,9919
1632,17878
1633,12040
1648,4823
1660,13916
1662,18704
1663,13993
1673,12397
1677,11319
1684,11851
1687,3472
1690,4186
1696,4340
1699,5614
1706,959
1714,12439
1732,3346
1734,18382
1735,17500
1745,11683
1758,18319
1762,5607
1764,14686
1776,12110
1785,2247
1807,7273
1812,12215
1816,1183
1822,4095
1828,18837
1835,4305
1837,3255
1838,14973
1845,18564
1847,301
1866,13629
1868,10710
1877,15022
1897,13160
1898,17248
1905,7000
1908,8967
1915,13664
1920,14602
1923,12103
1934,1722
1937,5782
1940,7343
1942,12411
1943,15316
1953,7427
1959,434
1962,13762
1965,18438
1966,12320
1981,19670
1986,18648
1996,5397
1999,16653
2006,4375
2040,11830
2041,15960
2045,11816
2046,3927
2051,13468
2065,9646
2074,3710
2079,15820
2090,2940
2093,5467
2094,19621
2095,5299
2101,10276
2120,19593
2132,11284
2134,11431
2136,10521
2138,4102
2144,19145
2155,17864
2162,7406
2165,3311
2180,3724
2187,17164
2200,4235
2213,10101
2224,6188
2225,19026
2238,14280
2242,7686
2248,16555
2249,16856
2253,6048
2265,4865
2302,11088
2304,18991
2310,5019
2311,12180
2312,7581
2313,9408
2320,14308
2338,10136
2341,16646
2343,15435
2351,945
2354,2079
2359,763
2360,16695
2368,560
2374,2009
2389,7455
2390,1547
2392,7987
2393,15106
2399,16898
2412,13475
2422,343
2424,19831
2426,8673
2428,2905
2463,19075
2480,14945
2481,532
2489,18417
2494,13279
2503,238
2504,12845
2513,10815
2516,9457
2522,8911
2523,1666
2538,12362
2549,11172
2553,18732
2555,15806
2564,10689
2576,2317
2586,11025
2592,11424
2597,12754
2598,5341
2599,9471
2609,8330
2611,2093
2616,10696
2617,16156
2629,9940
2650,15631
2651,8848
2654,13412
2658,16800
2665,12131
2671,2149
2680,15498
2685,15386
2687,3780
2692,9086
2693,15911
2703,15988
2704,3738
2706,14910
2709,12348
2716,11067
2717,16030
2719,8617
2721,4501
2724,17360
2726,9226
2746,9870
2753,637
2765,9653
2774,1771
2779,8316
2787,4179
2791,1190
2796,2261
2806,2933
2819,2653
2827,6867
2842,4123
2844,1512
2848,329
2871,14994
2891,15715
2892,8981
2901,15834
2904,13069
2905,11494
2912,12236
2915,2289
2947,616
2948,9310
2958,8393
2964,11634
2976,18368
2978,19838
2994,17451
2995,9751
3020,12796
3021,18683
3023,14609
3051,5180
3055,6923
3059,7756
3061,15778
3066,7693
3067,14217
3072,17486
3076,18487
3081,13153
3082,17682
3083,2800
3087,490
3088,6559
3093,17290
3097,16023
3098,4676
3101,18739
3102,5439
3105,8183
3110,1323
3117,2828
3118,6839
3131,4851
3150,19131
3155,6286
3156,11788
3160,16051
3170,19159
3180,16037
3184,17430
3191,308
3204,19187
3205,9765
3213,1092
3229,8869
3230,16464
3231,8953
3239,15547
3242,5936
3243,476
3254,13769
3267,16926
3270,6881
3276,1484
3304,7224
3329,17073
3341,8036
3347,19523
3350,16324
3371,7280
3375,2100
3389,12068
3398,6426
3438,385
3456,19110
3461,1687
3476,56
3479,10752
3482,10941
3483,8470
3497,1043
3506,5278
3507,11123
3512,1960
3537,13041
3545,18956
3549,18298
3551,12782
3552,15519
3557,11032
3564,16786
3567,7777
3581,10724
3594,1232
3595,4228
3610,18123
3617,6272
3631,5551
3632,6965
3634,4599
3637,3605
3639,3437
3648,5425
3649,6132
3659,14168
3662,12628
3667,9212
3683,9723
3684,17269
3688,11445
3698,13076
3708,19481
3713,9800
3723,17150
3724,18116
3725,9590
3726,15449
3734,4683
3737,861
3740,10850
3744,7413
3757,10514
3762,15757
3770,686
3787,10227
3799,7924
3801,15561
3806,11095
3807,7378
3817,9884
3824,15162
3830,2807
3831,15855
3843,7952
3849,15456
3860,8204
3861,9947
3883,5985
3906,17885
3908,9380
3913,70
3914,2695
3935,7665
3944,1736
3948,16968
3949,17990
3955,3997
3961,10437
3966,147
3978,4935
3994,13580
4001,11592
4009,3094
4019,10003
4023,6909
4034,5453
4035,8638
4066,15967
4071,14336
4075,10955
4077,16408
4080,917
4086,11200
4092,13489
4103,126
4109,7147
4114,12817
4115,2961
4141,17311
4147,8211
4149,17115
4151,3934
4162,1470
4177,315
4202,4466
4213,13671
4223,12551
4231,11368
4233,17087
4248,2464
4252,12306
4253,5635
4263,6398
4264,15624
4273,7182
4296,4977
4310,10297
4311,9625
4316,10899
4317,14980
4318,5383
4322,1372
4330,11410
4335,3668
4364,13636
4378,15204
4379,12614
4382,12383
4389,4788
4396,18690
4405,16331
4425,8834
4426,10262
4428,11291
4429,19474
4431,1505
4433,1673
4447,11333
4449,7700
4453,7357
4455,15533
4460,17066
4469,6622
4473,17010
4476,5159
4485,12082
4491,4109
4494,9898
4498,8400
4501,3122
4503,280
4509,11711
4526,4284
4530,6384
4532,1260
4566,19572
4576,1029
4586,7966
4590,5355
4592,14539
4606,19152
4614,1715
4615,9772
4616,322
4641,3031
4645,1225
4657,3759
4661,10731
4664,14805
4677,7805
4693,3542
4696,16702
4715,11298
4717,7392
4719,11613
4728,497
4734,17479
4738,2723
4743,868
4748,2821
4792,16534
4811,8666
4812,19313
4830,3955
4833,16198
4835,7077
4838,812
4840,7847
4850,9331
4854,15043
4860,10129
4870,13419
4884,18172
4887,2709
4900,18130
4907,7903
4913,2863
4921,19894
4925,9821
4931,9065
4937,3017
4939,6293
4944,17416
4951,15064
4960,17570
4975,18970
4980,16002
4984,13244
4985,5894
5006,18459
5011,3850
5019,10360
5024,9583
5029,3983
5032,714
5035,4655
5037,8792
5050,15953
5064,7231
5071,11193
5083,5649
5086,19999
5091,4697
5096,12313
5115,16751
5122,11305
5132,16219
5141,182
5150,17808
5160,5138
5164,3206
5167,11249
5168,17444
5172,4116
5178,10388
5184,14966
5187,9674
5190,8386
5192,3885
5208,11571
5209,18228
5214,13440
5217,19089
5219,3878
5220,12264
5226,16205
5241,17458
5242,9436
5246,18697
5249,16667
5252,9261
5259,6258
5260,8589
5262,707
5268,6083
5269,1701
5282,2996
5292,1750
5293,6678
5323,18830
5329,13384
5333,9422
5334,15036
5338,11795
5345,16233
5346,12005
5358,8449
5362,11081
5365,4942
5370,16660
5376,17892
5395,1883
5398,6167
5406,16863
5412,3248
5413,10472
5417,8253
5420,10444
5423,12824
5429,11109
5435,17325
5438,12488
5443,13006
5445,15463
5455,10857
5456,4690
5457,7084
5476,6475
5483,924
5488,12789
5515,13944
5522,19369
5526,9149
5542,18522
5548,14840
5556,5579
5565,10675
5581,18095
5585,6090
5586,7483
5589,7833
5590,7945
5596,8694
5604,14483
5612,3682
5626,1428
5628,7322
5641,7252
5648,10871
5649,18921
5666,5670
5672,12810
5673,18445
5683,420
5684,10108
5691,11060
5700,10458
5715,4921
5716,17059
5720,1358
5725,11473
5740,6062
5743,14700
5752,371
5755,6580
5771,3766
5775,7112
5776,4130
5784,5026
5795,18795
5797,273
5814,4046
5816,966
5822,7259
5841,3220
5848,14
5850,7854
5861,1596
5868,13195
5869,6846
5873,189
5875,4347
5886,12579
5890,5292
5898,7518
5904,8547
5907,12033
5908,19971
5911,14434
5913,15393
5922,9548
5929,6958
5932,18599
5945,16877
5948,6503
5970,12733
5974,18816
5987,15127
5999,6181
6000,7049
6006,14126
6010,4907
6012,16870
6014,18053
6024,6237
6033,3906
6046,4354
6049,6860
6056,11522
6060,12565
6065,17801
6075,12544
6077,4214
6083,7287
6085,14497
6087,3689
6099,2415
6103,6349
6107,7175
6111,14735
6113,13909
6117,3024
6127,2296
6130,2513
6133,7574
6136,7434
6140,6461
6145,8540
6149,3843
6153,10423
6156,16317
6173,4487
6177,11935
6192,1365
6194,6825
6195,4872
6198,2366
6204,1127
6210,17437
6217,4753
6220,12229
6221,8351
6224,9814
6227,17220
6230,12208
6232,19628
6248,13314
6255,5096
6257,1799
6261,1134
6271,3675
6272,441
6289,4970
6291,6531
6292,3325
6294,287
6304,19586
6311,4816
6312,18641
6324,6174
6326,11515
6331,2457
6342,2555
6345,12894
6350,2772
6375,7469
6393,19355
6396,14378
6398,7476
6400,6720
6408,9142
6409,12271
6418,2947
6419,9926
6423,10311
6424,17304
6441,9702
6445,4053
6451,13027
6452,6902
6455,12201
6458,14574
6462,8498
6464,7028
6474,17003
6478,13839
6497,16422
6501,17192
6505,10381
6508,1792
6513,16296
6537,7917
6554,12936
6564,19488
6567,9758
6570,14665
6571,10234
6580,12341
6586,7336
6589,17857
6590,7623
6593,19964
6601,6650
6603,10402
6605,16394
6609,12880
6612,17143
6625,15736
6634,11130
6642,2156
6665,13783
6670,14728
6679,10619
6681,14371
6690,1008
6691,13251
6703,18753
6705,3829
6716,8071
6718,11949
6723,3521
6724,4165
6737,7119
6741,16107
6742,19306
6755,11844
6758,13818
6761,13874
6766,5593
6771,4767
6776,19852
6782,10906
6793,19551
6796,7035
6809,8995
6817,3367
6825,1477
6856,2758
6868,14532
6870,6811
6872,7616
6874,14056
6880,17647
6884,9387
6890,12474
6895,12978
6903,19810
6926,18767
6929,16807
6936,10024
6937,399
6960,14014
6963,15267
6965,13181
6978,18088
7014,16828
7016,3115
7028,16933
7031,8827
7039,13342
7065,875
7070,14420
7090,19243
7092,19915
7098,16128
7100,7504
7103,9828
7118,14721
7126,4704
7138,13090
7139,1540
7142,11921
7158,18914
7167,9807
7169,17605
7174,16359
7176,14938
7181,10682
7196,7938
7205,10920
7212,9233
7248,11928
7251,3423
7263,12243
7266,16499
7278,14203
7289,14329
7293,18151
7305,8281
7317,12369
7324,13790
7325,12425
7335,8323
7337,18046
7344,12124
7351,10451
7353,1827
7364,17899
7365,17934
7377,19796
7382,8162
7391,5852
7396,10325
7401,12803
7411,12523
7419,1064
7421,28
7422,1890
7434,15218
7455,18011
7465,1561
7490,15351
7500,18613
7509,4732
7515,19054
7518,17969
7519,1288
7520,14763
7521,10584
7523,10199
7534,231
7538,11361
7540,8337
7543,11501
7545,4242
7549,15792
7556,11466
7561,10703
7564,1120
7567,2198
7569,16590
7582,7973
7583,2919
7586,1855
7589,12999
7592,4382
7599,15603
7600,4291
7602,12145
7621,18452
7641,9114
7647,15946
7652,17710
7664,14112
7665,1449
7669,1393
7672,5992
7673,4858
7674,10640
7675,12901
7676,18984
7679,18627
7684,10220
7701,19663
7707,10045
7714,10164
7724,19425
7727,5215
7730,8155
7737,19397
7746,8456
7755,469
7764,2506
7770,10206
7779,2422
7780,14035
7782,17591
7792,12600
7793,14224
7796,3892
7808,19936
7809,14448
7828,10556
7845,13097
7848,2842
7849,13853
7854,1939
7860,3409
7876,3857
7881,4158
7883,3080
7886,8428
7889,14924
7895,18676
7911,5761
7915,9576
7916,6573
7921,4333
7930,392
7933,9128
7935,4739
7938,4277
7940,11809
7941,7980
7942,15050
7952,6300
7958,18662
7964,644
7965,2030
7967,14105
7970,6139
7972,2639
7983,6496
7990,17255
7997,9051
8016,15477
8022,49
8028,17829
8035,11438
8040,12761
8045,784
8056,13111
8058,17374
8064,16604
8073,8883
8075,7154
8090,5145
8107,15274
8112,15932
8121,5565
8134,9366
8135,15414
8138,19782
8143,4634
8145,5033
8146,1204
8149,9485
8151,6657
8153,16366
8156,9100
8163,10479
8168,5334
8171,6517
8172,5306
8177,11823
8178,19362
8179,19096
8190,17955
8191,18137
8200,16373
8211,5054
8221,18977
8222,14756
8230,203
8239,19278
8241,15141
8255,378
8258,5642
8259,10059
8265,15568
8282,17052
8288,10353
8294,14350
8295,3584
8304,3752
8321,13062
8328,5719
8330,14210
8331,2835
8332,10066
8337,14049
8339,8274
8340,17409
8342,17696
8346,6146
8349,1785
8350,13216
8358,1456
8369,6482
8377,11382
8390,18270
8407,12698
8408,6104
8416,10430
8424,1442
8426,7896
8427,8841
8432,6937
8437,15512
8438,19285
8439,16639
8441,13265
8444,6377
8445,1995
8446,15729
8447,5313
8448,19292
8457,483
8458,15197
8469,18179
8470,4984
8472,1176
8475,2891
8477,18186
8480,14091
8482,12607
8488,5404
8506,10185
8508,15981
8531,18725
8544,15015
8546,4151
8551,6034
8552,2310
8561,13055
8566,63
8577,18963
8584,19390
8587,1274
8589,12061
8596,19789
8613,6265
8628,19012
8630,15827
8633,18165
8647,35
8652,15575
8654,14868
8655,16072
8657,1379
8665,13923
8667,10283
8677,18473
8684,16842
8691,15848
8696,9170
8699,10766
8700,4137
8703,18060
8708,17080
8710,10668
8719,4361
8742,511
8744,6636
8763,15260
8768,2527
8780,5691
8791,3514
8793,11578
8794,14161
8808,7266
8811,9912
8817,13608
8827,1085
8835,19684
8841,17101
8856,5789
8859,19824
8872,13482
8875,19166
8879,17563
8882,14266
8883,4067
8886,17787
8887,15638
8896,12866
8912,6587
8920,791
8927,8064
8930,15883
8946,1463
8960,2744
8983,2583
9004,8736
9013,2660
9016,217
9020,1694
9024,1001
9028,4263
9036,6356
9037,8008
9039,17507
9046,15288
9059,18781
9073,17556
9084,18746
9085,3066
9088,4522
9089,12670
9097,17766
9102,3500
9104,11039
9126,630
9132,826
9135,11879
9150,16744
9152,1022
9156,11053
9157,5362
9164,11102
9165,10801
9167,17983
9174,3787
9175,2352
9181,15897
9185,17542
9202,9002
9208,2163
9212,14560
9222,16989
9232,19950
9253,5012
9268,17927
9271,14427
9274,13363
9276,18536
9284,952
9289,3178
9293,6804
9298,13573
9299,8267
9304,12292
9305,10738
9309,10878
9319,11641
9324,1253
9325,19376
9327,1729
9331,5187
9358,13167
9362,6930
9369,6783
9371,15785
9377,3038
9392,15253
9397,8624
9402,19677
9412,13531
9421,2478
9433,609
9436,13587
9444,5110
9449,15862
9458,2968
9464,16093
9468,8190
9491,17843
9493,4606
9497,17689
9510,17794
9511,6223
9514,5677
9518,12684
9519,3647
9536,9415
9543,7602
9544,19383
9551,11228
9561,12516
9567,11214
9570,98
9572,9968
9577,5733
9589,14511
9593,7588
9595,3528
9599,6594
9600,7784
9605,13559
9609,7819
9612,10969
9614,18851
9616,4172
9619,16478
9620,17213
9623,13391
9626,18634
9630,8855
9632,15701
9635,4928
9637,15617
9659,9296
9660,13657
9661,9716
9664,1932
9665,13223
9668,15295
9671,8554
9684,2597
9698,16513
9700,18501
9701,9352
9712,14819
9722,17773
9727,15323
9749,14385
9750,16723
9758,13615
9766,1617
9770,12285
9771,350
9779,4991
9781,19579
9794,18221
9805,2674
9816,5915
9826,9793
9831,4480
9838,16492
9871,3269
9875,5152
9878,19565
9888,16352
9890,11529
9897,5999
9914,14182
9920,12299
9922,11963
9926,17584
9934,1911
9942,9443
9948,5432
9954,13272
9962,7637
9965,19341
9969,18711
9974,8057
9977,17731
9979,2625
9995,17423
9996,19467
10004,5831
10026,7294
10028,2044
10029,14581
10045,4830
10052,16457
10055,17815
10074,15687
10089,14084
10099,1764
10110,15708
10119,16149
10144,6041
10150,17241
10174,8750
10188,17535
10191,15841
10195,10339
10202,12740
10210,16380
10211,6230
10212,938
10217,19348
10221,17493
10224,15582
10240,581
10249,4529
10265,19691
10266,18928
10278,15302
10279,4494
10304,13433
10306,19530
10323,16226
10332,12187
10366,17402
10393,1862
10402,2590
10409,4641
10417,18879
10420,7840
10425,11186
10436,15666
10441,10087
10444,2268
10449,7140
10464,9730
10467,13461
10482,2975
10497,11165
10504,6601
10514,18942
10515,8106
10530,5873
10531,3185
10548,12432
10552,7553
10562,4900
10563,15372
10565,3052
10571,9527
10575,17871
10588,1918
10593,12047
10594,1078
10598,9660
10603,11480
10605,3339
10606,7630
10609,462
10610,6566
10636,11837
10645,3626
10647,6251
10651,12691
10660,168
10672,14070
10673,2338
10676,3402
10702,19719
10704,3969
10723,12922
10725,1267
10735,9359
10738,10171
10759,5516
10762,18557
10769,18760
10781,10948
10783,13258
10787,19103
10791,14742
10800,140
10808,14882
10818,1820
10822,1155
10823,2072
10831,3941
10835,16541
10844,2051
10848,16716
10855,4200
10858,16275
10864,9198
10871,13685
10915,13867
10924,10535
10925,15113
10926,7546
10933,12096
10939,12747
10940,1316
10946,8925
10952,11046
10953,14959
10959,14357
10962,17136
10964,8701
10971,17318
10973,16058
10978,1344
10983,4963
10985,1141
11003,4620
11005,6202
11007,14406
11008,1743
11012,11942
11016,728
11021,5068
11030,14021
11032,4550
11046,4893
11052,14518
11053,12586
11058,6699
11092,15155
11098,77
11101,11256
11105,11907
11106,294
11110,6209
11124,10465
11134,17633
11137,11977
11142,15743
11148,2170
11159,15589
11176,8631
11186,9786
11194,4025
11208,4914
11213,15869
11214,10773
11216,15365
11222,2520
11224,3143
11225,12117
11227,11312
11236,6412
11267,8043
11268,19264
11281,11396
11284,5796
11288,3899
11291,12929
11298,3745
11301,5950
11302,5775
11314,8239
11316,7126
11333,13832
11336,12558
11342,5481
11359,2107
11369,5530
11381,10962
11385,3640
11390,931
11397,3507
11413,4998
11424,11347
11428,14392
11431,11739
11438,16709
11441,8708
11443,9373
11446,42
11453,13146
11455,5726
11457,2611
11462,19215
11477,6160
11487,9009
11489,7441
11505,14637
11510,5166
11518,13622
11519,196
11522,18592
11533,2471
11535,553
11546,3262
11547,3864
11556,7882
11559,16303
11561,17976
11564,10626
11580,16401
11591,0
11596,588
11598,11375
11602,12222
11622,14644
11636,6391
11644,17577
11651,16772
11668,17997
11670,9058
11672,14658
11681,8288
11702,15407
11717,4270
11727,15610
11729,5586
11736,133
11746,16576
11747,19019
11748,5222
11758,1106
11771,8491
11785,11536
11788,11270
11789,4746
11807,2898
11810,12278
11820,12495
11822,12334
11836,13741
11838,5502
11842,10598
11843,15694
11857,1036
11867,3010
11872,14364
11888,15190
11905,10017
11908,11732
11912,13804
11942,18620
11946,10633
11964,427
11978,17619
11980,17367
11994,5887
11996,15680
12007,8050
12024,7161
12026,2142
12028,4298
12057,13825
12062,6510
12063,10080
12064,9744
12077,6419
12085,3234
12086,1834
12088,15442
12089,10241
12096,7021
12100,4718
12106,854
12120,175
12135,11543
12153,1974
12160,13426
12171,12593
12174,5957
12176,15540
12186,5712
12190,10549
12198,7105
12215,15078
12224,8596
12228,9618
12232,13643
12234,161
12253,8988
12261,19607
12262,12257
12275,6664
12278,17521
12285,7315
12293,1848
12294,5537
12296,5810
12297,9604
12299,4508
12317,11459
12332,4389
12337,4060
12343,7399
12351,5474
12357,5257
12371,9611
12382,1778
12386,18410
12402,3794
12403,2485
12417,14399
12430,12950
12436,11970
12439,13174
12446,6244
12450,15890
12452,2226
12456,1757
12471,14567
12479,9191
12490,2128
12495,3059
12497,8134
12498,3416
12500,448
12501,12572
12503,17724
12528,16086
12529,2303
12531,11158
12533,10787
12539,19040
12540,19635
12554,9044
12556,15183
12582,18669
12587,19418
12591,5908
12592,16758
12609,16289
12615,1526
12624,18907
12625,16793
12630,3612
12634,18403
12642,8722
12644,5817
12648,14476
12667,14595
12673,13083
12689,19005
12698,4256
12708,17038
12715,15169
12745,2982
12772,17206
12774,10038
12775,11956
12803,15652
12820,17675
12826,18333
12855,7826
12863,3871
12877,10052
12887,7672
12891,8519
12896,18865
12899,9177
12904,9394
12929,2541
12934,13958
12939,6643
12942,10178
12951,8365
12971,11403
12973,6629
12977,19656
12978,1071
12982,16044
12986,12726
12992,8029
13006,4403
13007,12173
13016,4571
13027,14812
13032,6692
13033,1624
13034,9338
13051,8904
13055,17045
13057,19544
13060,17094
13071,5264
13074,9506
13077,16569
13089,1148
13093,1015
13100,4592
13104,19733
13106,12915
13120,5740
13131,7609
13133,9030
13134,9317
13136,12649
13139,4018
13148,4564
13151,595
13155,7091
13158,15211
13170,7525
13172,2016
13183,8484
13190,4368
13205,19957
13215,19908
13218,14028
13219,658
13221,18291
13230,7133
13231,7070
13234,6741
13235,1218
13237,2429
13240,4536
13244,16191
13248,1708
13249,11753
13252,13811
13261,7462
13263,3101
13264,4326
13268,15673
13269,18081
13273,18949
13288,3073
13292,3598
13302,14063
13305,11627
13315,18893
13333,2121
13339,16597
13346,6321
13356,14875
13372,3227
13382,12453
13385,17752
13387,3171
13399,15176
13412,14252
13419,5320
13423,18529
13452,4669
13453,18109
13454,18578
13455,14133
13464,13300
13466,9275
13479,14294
13481,798
13484,3773
13489,19222
13501,5803
13505,2912
13512,18543
13513,12019
13515,9324
13520,5754
13527,10843
13535,9954
13564,17157
13574,2275
13576,14259
13579,1330
13592,3654
13597,10290
13600,15918
13608,15722
13610,5824
13612,602
13614,5229
13618,9737
13630,4578
13642,9478
13651,8582
13660,17850
13661,1841
13664,9681
13673,16170
13677,903
13679,1421
13680,5684
13681,4543
13688,10493
13692,5656
13707,5082
13714,11242
13720,4249
13735,2877
13764,11340
13770,2779
13774,13888
13777,4760
13781,7301
13789,9989
13797,5061
13799,14000
13807,17668
13844,6972
13845,2814
13851,13132
13852,4074
13878,623
13891,13048
13896,14889
13908,17962
13920,11235
13932,1057
13934,10486
13948,15813
13950,4011
13959,17913
13989,18354
13999,12530
14014,17780
14033,12642
14044,10115
14046,3836
14054,9541
14064,16884
14066,17297
14080,13930
14092,19880
14099,12635
14102,5866
14106,11746
14112,3297
14115,3045
14127,18214
14130,910
14144,14231
14145,7511
14168,17920
14171,7329
14176,5040
14178,8960
14184,2240
14190,9513
14193,14917
14196,19740
14204,11760
14207,14630
14217,18305
14219,19747
14222,16891
14228,6006
14231,8806
14244,11564
14245,16114
14246,19229
14256,3976
14262,19516
14263,13321
14267,13188
14272,735
14281,8799
14287,770
14291,6797
14326,4452
14334,4459
14353,12992
14372,2058
14376,13650
14378,8729
14379,1407
14385,19922
14389,7448
14391,17626
14402,11354
14404,10654
14419,3493
14422,7350
14442,6538
14460,1645
14464,6727
14465,7931
14473,19208
14474,14469
14475,11389
14489,8687
14492,11697
14494,17612
14497,11550
14503,819
14509,15358
14513,7532
14515,14077
14520,3948
14521,9121
14528,11452
14530,5971
14539,10997
14549,3136
14552,6944
14561,14833
14570,91
14573,11151
14576,5369
14583,18718
14585,12887
14589,16506
14604,5747
14606,16961
14610,6986
14614,3696
14615,2233
14625,19411
14626,16814
14628,5201
14634,16737
14639,7798
14643,8148
14654,4725
14674,6307
14677,14042
14678,12502
14686,13496
14687,8862
14693,1988
14732,5663
14737,15659
14762,13013
14763,14441
14769,13748
14773,13020
14785,518
14787,12404
14794,17332
14801,11221
14803,7728
14805,9135
14824,7007
14827,5488
14837,6055
14847,11662
14854,18312
14858,8939
14860,9877
14889,13237
14894,5089
14895,15470
14901,11725
14904,3556
14909,3241
14931,2954
14935,18494
14940,8379
14947,12390
14951,6993
14958,17948
14975,11417
14979,9597
14980,14903
14982,19866
14983,19929
14986,8344
14995,4424
15000,13678
15007,105
15013,16849
15015,4396
15017,18802
15020,9289
15036,8813
15040,7812
15044,16163
15046,6545
15056,13335
15074,12705
15080,14343
15094,6769
15095,882
15099,17199
15100,9499
15106,18235
15113,3451
15119,11900
15121,3661
15122,8659
15126,16184
15134,9016
15136,18193
15137,13713
15138,8120
15140,15421
15151,7595
15155,5250
15156,12964
15165,19726
15168,11508
15178,18585
15180,1925
15193,14315
15196,2331
15203,13447
15223,3458
15232,7735
15239,6097
15245,6755
15250,15379
15259,15876
15270,4781
15276,19061
15279,14238
15285,5075
15304,8785
15315,5327
15316,9184
15317,16940
15332,651
15334,16730
15346,721
15350,11676
15352,3395
15353,16254
15355,19901
15357,11655
15364,6776
15382,5698
15383,13706
15394,8407
15397,17178
15416,1309
15430,18858
15434,15428
15436,18102
15442,19803
15464,7910
15465,6111
15483,3920
15494,11585
15499,12418
15503,19887
15507,19082
15543,12712
15558,9268
15570,3150
15574,11991
15588,11984
15594,6713
15598,546
15602,19761
15604,18018
15611,3990
15624,1281
15645,18886
15647,4039
15664,12677
15668,1197
15687,1813
15688,17381
15691,13895
15692,16919
15703,19320
15708,12467
15714,16387
15716,11011
15721,4417
15735,84
15752,16177
15766,10647
15778,10528
15799,19873
15802,8764
15806,5845
15812,14140
15813,11004
15832,693
15835,11557
15836,11599
15843,16527
15844,13552
15846,4613
15855,14287
15860,6314
15863,7721
15866,5243
15870,9905
15872,7371
15879,19124
15884,16310
15885,5628
15898,10500
15926,10192
15929,2086
15933,17185
15941,19509
15946,8778
15949,16261
15952,4193
15954,6279
15960,1295
15961,9562
15969,14784
15970,3199
15981,357
15987,5572
15996,19978
15997,11277
15999,2380
16000,8099
16004,18396
16009,10213
16010,1981
16013,18032
16023,18249
16029,4445
16035,14546
16039,14462
16056,19845
16061,14707
16062,13797
16063,19439
16065,8946
16073,5768
16074,8533
16076,1806
16077,14490
16096,6608
16100,9492
16109,3304
16113,16912
16116,1337
16119,336
16120,4221
16131,10927
16134,2884
16135,5411
16138,10269
16142,13881
16143,12852
16146,8918
16174,19642
16183,6118
16184,5705
16187,10150
16189,10073
16194,840
16196,12194
16210,12859
16212,13503
16214,9401
16218,2065
16226,8372
16228,1162
16235,9961
16236,2037
16252,8645
16266,18998
16290,18340
16295,13230
16301,7308
16325,3213
16331,13398
16348,7042
16360,5859
16361,7791
16363,2576
16369,13937
16371,9072
16379,6671
16387,18200
16391,2730
16397,13545
16403,12509
16411,5117
16413,15071
16425,672
16428,16625
16445,18375
16447,5124
16449,18326
16452,16681
16464,10248
16470,6552
16475,18067
16481,10409
16492,9856
16498,7385
16503,15029
16512,2408
16518,6195
16521,5838
16523,8260
16524,7
16532,6951
16535,12446
16540,10661
16544,11718
16556,15904
16560,1869
16564,11487
16565,8246
16578,3535
16595,8358
16602,18823
16607,18158
16620,19537
16622,14931
16624,15596
16632,7539
16638,18606
16646,14273
16657,8197
16662,19705
16672,13118
16676,17661
16680,19859
16699,7420
16702,14770
16711,2114
16714,6979
16717,4662
16720,9639
16722,14672
16724,17703
16725,19600
16733,7714
16749,2394
16751,5460
16758,17227
16759,1610
16764,6342
16766,17759
16768,12656
16771,6447
16777,413
16785,14777
16789,2688
16790,2737
16803,17472
16829,10780
16839,5005
16842,18256
16847,7238
16851,14896
16853,5964
16859,13846
16884,7203
16896,15771
16907,2646
16912,7098
16918,1211
16923,16996
16924,17745
16928,15491
16946,18074
16947,16415
16961,3003
16975,7875
16990,8715
16998,14525
17001,13734
17008,16212
17016,2401
17035,3276
17037,18774
17041,17388
17047,2492
17059,8463
17063,19194
17069,10822
17073,266
17091,11018
17092,8526
17093,1631
17105,14413
17108,19138
17123,6013
17132,6762
17133,2562
17134,7217
17172,9933
17191,11998
17194,3353
17203,2548
17215,15330
17229,7644
17236,17514
17243,6524
17244,210
17245,17906
17262,8505
17264,15505
17265,4837
17293,16247
17295,14504
17296,19180
17305,10745
17306,10794
17333,10591
17351,2765
17360,4795
17367,1680
17368,3360
17376,19173
17381,3549
17383,18263
17392,16338
17398,18480
17410,3129
17411,8078
17425,19327
17428,18144
17432,11179
17439,1386
17440,19495
17443,3444
17451,9282
17452,1113
17456,2786
17461,2443
17465,3374
17466,12376
17489,18550
17495,4410
17496,7490
17498,3563
17500,12908
17502,15001
17505,3577
17510,10367
17535,8561
17537,252
17539,7749
17545,3591
17548,12957
17549,16905
17562,16618
17563,3332
17576,9996
17577,19047
17582,10976
17583,19992
17590,5621
17591,10542
17599,1498
17601,16548
17621,8302
17625,1302
17626,12537
17628,15337
17633,11858
17636,19754
17642,11606
17648,6888
17650,18788
17659,14098
17662,13951
17664,2254
17666,4438
17677,19817
17690,17528
17692,9842
17715,4711
17718,9520
17720,1169
17723,9023
17728,11767
17734,9093
17737,12327
17753,3801
17757,2751
17774,13202
17776,3822
17784,7063
17796,3164
17800,7679
17804,9849
17807,17129
17831,7210
17835,14952
17845,5047
17863,13965
17873,7560
17882,6363
17884,12873
17885,18844
17886,2499
17898,14679
17899,4144
17907,5376
17913,14301
17914,4088
17921,16345
17922,10990
17926,8610
17930,8421
17943,17346
17944,15225
17969,8176
17980,14651
17988,7763
17990,13979
17993,9709
17997,14175
18011,2569
18012,12460
18019,17941
18020,8757
18022,18809
18047,19299
18050,4032
18053,11669
18069,5922
18073,5103
18088,15239
18097,10318
18103,13510
18126,15148
18127,18039
18129,14147
18132,14693
18135,16975
18151,364
18155,11690
18158,4319
18174,805
18175,12663
18177,5978
18186,13860
18199,4774
18201,2387
18202,10836
18205,16562
18211,19502
18213,16065
18226,896
18228,833
18240,13727
18249,6685
18250,6734
18253,16765
18255,13034
18270,4081
18271,12250
18287,9863
18290,9667
18293,2023
18294,6832
18326,15925
18331,16016
18332,19404
18333,9156
18334,9219
18338,19943
18339,1246
18357,6216
18358,15344
18362,10577
18368,15057
18369,13594
18385,11886
18392,13776
18395,16282
18398,2436
18402,8218
18408,16520
18410,13328
18411,14189
18417,14861
18425,1876
18431,6125
18434,19117
18437,2926
18440,15484
18444,1491
18445,2184
18456,16450
18464,16583
18466,15764
18476,16121
18485,11137
18491,112
18497,1603
18512,16135
18519,8414
18523,7014
18532,16835
18538,18571
18547,15085
18578,6790
18584,525
18588,12838
18596,15246
18598,16142
18602,11781
18604,15645
18608,10346
18611,1554
18616,742
18617,10570
18623,14987
18627,13349
18639,847
18642,8001
18645,12075
18646,9079
18656,3619
18657,5929
18659,17549
18682,17654
18683,15008
18684,2667
18686,259
18692,12775
18693,10563
18726,17738
18730,17017
18732,3290
18734,15750
18758,7658
18765,17276
18768,7861
18769,2345
18771,1967
18806,8603
18813,7497
18827,13524
18829,2793
18833,10143
18847,19712
18848,4431
18868,15995
18897,13972
18898,19257
18905,10010
18908,13454
18909,18347
18917,3633
18920,17640
18921,9891
18922,9534
18924,12719
18930,13370
18942,3283
18943,4004
18950,3570
18954,12152
18956,14007
18960,9254
18965,11872
18967,1582
18972,15939
18982,7245
18985,19201
19002,18004
19022,8092
19026,6370
19028,14119
19038,574
19040,18424
19056,980
19062,16268
19064,15092
19065,2989
19068,11263
19075,10829
19083,13405
19089,13377
19103,7196
19113,5901
19128,7994
19135,12159
19140,6153
19154,15309
19182,16100
19185,6853
19190,14847
19208,2359
19213,10864
19214,1351
19223,4312
19236,119
19238,17283
19243,5880
19247,3703
19249,10157
19250,6748
19258,7189
19274,13538
19275,9205
19285,1946
19287,8568
19288,5131
19305,700
19306,8771
19308,11144
19309,11704
19322,8932
19332,154
19335,3430
19341,19236
19345,756
19355,6489
19359,16982
19360,6818
19377,12026
19384,9975
19389,17353
19397,9779
19398,10255
19406,1589
19408,3913
19411,7364
19413,8085
19414,6468
19420,8743
19421,18389
19422,14616
19438,18277
19440,7056
19447,16947
19463,19558
19468,10122
19470,8680
19476,6874
19481,2373
19490,4473
19492,9303
19503,19453
19511,2191
19518,18508
19533,504
19537,12831
19544,10416
19546,14553
19551,18025
19554,16429
19562,6454
19581,3381
19582,3087
19588,2450
19592,16009
19596,1575
19601,1659
19611,8309
19618,2282
19624,4844
19636,15099
19641,14854
19657,2849
19663,5418
19665,8477
19677,14245
19682,1568
19693,10605
19701,19446
19713,15526
19722,2632
19732,3157
19738,1953
19749,19068
19765,1638
19770,12481
19784,13209
19792,1519
19798,973
19799,8974
19809,8575
19833,19768
19843,5271
19844,17171
19851,12166
19856,18361
19866,3479
19867,6069
19874,17234
19877,2702
19882,12054
19889,5236
19914,11802
19921,19334
19925,8435
19927,7742
19931,3731
19949,10913
19963,19250
19970,3815
19971,12012
19978,10612
19982,539
19992,16688
