1000 9901
447 156
638 865
90 187
146 761
906 143
357 367
363 750
273 762
859 116
526 678
795 669
336 166
82 950
856 925
194 28
801 44
843 681
865 977
864 652
167 371
796 353
375 460
749 191
39 309
463 601
570 170
178 923
715 192
937 350
732 542
397 460
678 39
751 631
38 454
754 908
518 572
316 252
8 181
100 539
449 248
89 302
2 399
50 387
322 700
396 155
240 797
757 776
683 669
678 667
135 638
32 521
432 325
956 18
813 759
170 907
980 152
619 168
654 473
896 724
987 652
126 328
933 302
681 285
546 854
61 483
357 924
413 666
175 623
178 257
589 801
241 947
797 820
608 805
432 11
552 300
918 815
278 590
337 130
555 524
112 882
842 230
724 601
671 178
340 866
312 431
220 712
944 148
929 288
158 146
142 567
241 328
702 559
377 888
428 396
470 243
109 337
695 462
312 141
66 388
216 553
233 653
312 124
590 339
821 133
968 583
740 43
108 301
164 751
610 555
99 50
762 734
624 723
416 776
146 161
8 278
984 251
252 611
681 189
94 138
50 468
434 119
680 867
221 285
477 947
982 548
35 457
239 873
90 274
577 414
300 547
932 317
565 670
514 361
823 401
866 948
558 870
575 780
465 629
136 979
671 717
818 51
453 220
184 831
466 89
304 260
201 156
992 241
903 383
600 502
547 209
514 58
400 646
241 808
24 306
300 103
543 165
600 613
998 896
694 307
185 993
409 745
928 823
525 747
285 326
99 948
237 306
883 20
955 419
958 966
261 382
544 886
85 602
148 243
234 528
931 394
510 701
932 681
674 298
750 471
973 140
155 565
534 193
192 574
82 894
144 689
86 579
489 896
844 14
807 922
422 124
725 381
191 433
694 520
570 522
535 524
916 626
192 32
989 991
647 898
192 732
619 679
47 214
978 826
170 271
227 498
175 114
947 973
804 578
507 578
914 254
457 377
900 445
633 752
64 181
763 373
800 249
268 263
253 735
624 989
92 579
239 996
350 415
14 726
814 539
607 317
594 652
705 301
232 981
191 986
602 991
571 388
883 662
485 833
315 194
577 747
430 241
110 773
597 552
310 347
82 218
524 901
616 958
106 212
54 156
456 507
384 328
186 204
974 797
866 698
206 139
120 72
582 294
567 150
58 386
141 942
194 706
875 697
93 668
556 276
485 82
585 380
401 821
212 780
666 713
177 754
243 312
147 294
440 284
424 865
996 305
640 101
694 936
876 971
493 233
25 567
39 788
946 941
25 262
267 606
768 217
626 133
919 866
5 238
65 915
502 712
341 198
68 514
252 487
981 533
919 723
226 646
100 179
44 364
751 892
493 924
429 692
476 753
347 763
522 653
541 383
670 541
618 850
947 952
614 530
400 469
40 892
463 922
195 844
828 2
277 738
898 789
580 909
642 219
503 538
508 928
507 735
143 933
165 957
314 601
864 254
173 482
799 562
526 414
982 620
844 581
663 3
701 807
795 395
724 19
408 434
934 594
149 762
978 354
654 621
496 646
197 14
884 828
827 139
221 152
521 350
353 768
447 586
818 330
471 544
837 463
106 91
786 977
254 211
93 847
702 839
370 468
442 57
150 510
712 951
380 797
903 481
943 132
983 274
160 439
556 747
635 654
12 729
327 548
240 496
821 398
219 468
20 163
5 177
8 747
618 754
391 580
613 817
963 834
512 186
513 663
91 911
811 406
393 305
929 839
824 107
136 109
708 677
213 1
887 775
396 451
374 60
105 793
269 128
678 36
40 856
592 293
700 923
903 961
977 733
528 573
90 661
711 36
715 33
923 60
887 743
890 57
653 875
362 510
566 984
233 221
938 595
813 613
101 851
504 867
502 434
328 433
805 129
610 59
297 506
787 680
503 796
89 632
201 879
663 404
740 766
563 864
762 222
935 820
224 64
728 720
328 254
813 466
429 288
91 257
855 923
332 557
168 533
336 680
651 163
181 304
54 38
845 873
917 108
974 119
43 307
667 669
814 732
567 508
703 748
427 33
559 776
730 650
177 570
954 850
204 341
747 873
803 683
18 401
347 359
812 299
775 433
493 66
61 670
812 698
729 959
797 10
138 921
148 174
217 896
824 152
218 363
327 447
260 116
173 981
673 501
833 207
255 702
826 844
522 581
880 504
980 707
503 444
195 887
790 867
316 129
106 573
912 504
680 868
700 383
166 391
118 908
320 115
145 376
58 939
918 285
496 660
848 697
443 895
102 400
717 646
39 555
344 1000
60 216
849 893
978 667
562 90
656 155
947 428
35 49
330 406
850 353
687 310
622 498
103 143
69 11
417 634
510 151
701 726
427 577
11 910
421 360
358 634
352 240
806 901
476 153
129 72
883 249
224 842
668 923
617 805
621 853
142 1
811 901
975 702
559 105
559 959
414 138
72 509
519 426
989 622
555 591
851 629
979 552
202 405
25 602
836 374
177 951
911 324
364 631
683 493
276 973
631 467
190 143
247 426
610 746
635 149
246 742
691 535
930 433
627 681
227 23
281 915
549 558
614 619
150 812
759 640
725 493
86 313
27 825
397 386
458 176
424 480
328 451
356 727
583 912
658 105
622 718
202 189
829 496
264 472
490 752
507 562
519 825
79 838
636 621
586 406
144 141
363 19
74 66
277 431
807 74
61 328
101 875
563 954
382 156
615 886
525 74
488 655
498 830
202 369
909 241
719 180
136 863
656 22
489 235
642 89
119 889
211 370
448 576
441 505
410 516
193 956
455 875
326 752
475 214
973 693
349 561
975 749
945 778
36 136
713 310
832 962
479 631
86 703
858 396
342 277
15 753
973 303
269 712
746 345
910 582
267 960
142 748
414 881
337 772
324 518
678 637
863 691
76 167
406 784
940 440
427 279
631 274
899 753
62 97
100 188
821 109
912 772
921 796
604 717
243 652
445 216
913 366
473 151
769 962
900 124
433 513
622 891
843 122
455 368
423 662
31 673
583 116
680 320
37 16
757 897
631 872
172 463
729 224
364 317
847 688
136 654
838 477
202 435
23 558
849 820
185 748
192 752
376 386
182 448
652 224
619 95
698 546
111 587
59 228
448 573
767 188
571 129
275 956
672 239
719 939
685 249
598 910
693 670
271 552
178 856
885 466
64 636
125 93
162 457
662 282
652 492
237 677
817 227
512 383
654 942
72 422
238 279
6 105
320 992
944 234
750 690
896 77
937 887
721 984
314 222
134 205
121 968
565 871
12 681
241 307
646 40
190 244
216 591
911 188
399 72
682 852
355 900
411 662
693 116
697 113
381 744
292 282
60 695
223 133
105 985
444 791
468 732
238 962
848 146
725 308
581 839
946 515
322 361
621 387
130 596
611 437
8 40
562 627
389 981
356 536
986 947
21 469
627 959
97 920
919 325
743 513
40 232
611 147
815 995
450 549
35 632
236 468
754 665
884 536
4 466
922 893
425 675
66 695
987 785
457 18
644 770
123 685
171 812
408 618
582 50
126 334
382 212
218 925
993 17
541 823
266 987
785 493
490 125
608 840
534 160
150 185
188 996
367 848
232 716
659 977
309 584
457 989
150 296
569 956
162 378
860 69
679 360
148 313
253 44
237 615
500 603
2 642
719 819
498 405
243 305
548 393
16 618
642 978
590 4
828 905
578 980
500 618
926 10
855 416
640 191
750 334
141 990
94 786
663 825
247 336
928 634
968 875
366 454
201 988
632 472
213 337
103 925
146 362
297 152
265 218
116 728
712 511
557 421
111 487
630 573
890 422
281 950
835 507
311 842
576 761
350 244
441 568
618 661
65 100
62 720
867 59
192 865
51 38
126 686
911 852
245 228
65 390
226 609
622 674
420 160
312 64
598 411
800 334
657 75
476 335
631 705
457 14
776 438
600 189
850 350
244 241
953 808
944 743
631 404
769 715
36 197
111 643
537 344
560 983
82 135
724 810
357 956
987 392
897 928
439 825
791 452
667 602
889 990
263 111
339 509
327 824
699 109
257 434
175 612
849 312
616 56
243 198
650 266
67 404
51 827
837 696
704 739
516 608
483 420
85 600
507 314
87 509
860 510
741 45
997 179
502 627
564 490
746 501
730 798
623 73
419 881
760 553
122 590
449 278
717 133
129 676
276 957
354 429
781 680
105 549
626 65
935 163
449 48
351 185
687 691
964 768
123 457
886 849
192 692
173 730
669 757
467 325
692 138
730 453
643 454
718 910
222 57
288 988
5 733
502 217
326 11
364 218
40 160
475 346
27 968
891 683
188 186
24 852
671 917
219 755
71 626
130 64
831 984
889 47
62 883
527 655
235 365
996 872
944 643
157 682
914 950
25 72
816 333
410 402
291 397
440 593
757 258
85 937
871 830
716 893
399 435
384 104
560 209
634 942
90 896
570 406
107 586
287 977
467 398
854 582
727 204
668 670
108 387
272 859
375 594
918 678
243 448
725 588
565 947
423 845
119 663
982 196
360 819
802 310
290 514
240 473
845 372
919 749
441 662
705 673
282 658
600 761
398 773
436 159
863 336
761 762
820 348
360 977
950 896
900 125
521 96
868 265
881 130
40 894
424 477
79 519
522 538
482 207
123 707
344 242
499 944
874 748
50 410
736 645
681 4
684 861
353 203
62 525
301 299
908 789
231 174
639 317
552 247
847 288
944 577
984 322
54 188
573 663
317 562
248 398
348 409
396 423
491 995
367 175
524 939
27 581
84 658
125 378
105 145
801 576
503 762
172 461
439 205
374 815
396 645
328 83
571 241
516 662
422 909
831 547
448 732
488 793
968 3
718 243
276 66
388 644
6 223
872 703
944 28
945 821
430 719
589 382
536 374
183 493
849 145
742 164
719 636
138 129
51 736
489 659
273 622
958 879
247 508
599 11
792 301
756 614
590 246
32 354
109 396
511 520
316 554
216 366
622 58
347 680
900 194
186 870
691 767
319 518
986 769
972 236
117 675
977 578
710 440
714 951
78 495
308 676
237 266
31 878
386 890
973 662
245 464
912 414
913 107
342 591
883 901
39 997
1000 923
784 728
896 930
936 419
809 187
630 13
174 999
856 250
235 23
22 171
44 567
897 703
814 183
447 906
421 519
704 173
597 670
875 980
741 995
262 420
732 234
839 710
254 98
880 573
349 342
386 448
889 961
456 132
405 213
286 200
860 245
110 396
366 890
662 295
168 679
887 251
431 826
909 758
34 16
750 12
634 841
618 306
696 536
548 537
751 242
629 722
704 823
302 956
592 808
167 50
441 706
872 456
657 748
33 202
622 244
125 932
171 973
700 838
864 572
937 500
82 921
335 880
86 49
342 175
481 521
450 772
894 859
848 895
276 760
668 138
852 607
230 799
856 666
468 864
584 905
808 541
227 894
921 802
725 440
461 799
930 764
435 134
952 796
97 955
634 130
815 410
805 65
554 835
763 475
946 153
583 204
975 384
877 431
454 384
26 819
165 214
316 481
895 95
736 572
199 596
671 718
728 912
340 350
253 907
511 471
24 535
187 485
797 868
317 634
585 154
287 70
384 367
202 682
62 950
267 26
272 436
974 183
405 120
710 669
940 160
842 493
607 815
242 721
43 384
741 761
30 158
136 362
961 85
798 131
342 271
894 296
567 450
110 283
304 385
548 573
287 555
57 510
683 350
224 537
578 680
336 67
869 103
232 116
645 200
932 803
772 536
262 750
233 622
273 711
290 767
476 970
665 537
227 136
688 406
119 110
431 274
329 760
900 464
864 937
874 836
796 420
281 913
902 500
13 910
655 99
566 602
324 849
933 845
493 838
133 463
298 308
373 656
140 538
195 964
723 646
652 698
890 157
878 698
790 552
387 7
706 379
193 340
13 193
16 299
861 925
383 73
330 71
224 462
597 899
856 3
966 56
41 793
188 216
796 927
22 857
40 479
885 41
481 179
193 743
291 174
554 744
82 217
942 147
286 471
767 154
469 429
73 490
681 747
77 466
372 178
708 308
306 608
897 899
951 112
502 710
662 141
580 270
999 324
712 926
710 761
271 583
936 582
977 366
685 949
542 966
231 559
452 296
646 800
498 474
279 917
466 636
323 29
56 896
574 582
385 482
426 286
299 36
928 564
512 435
522 186
721 3
958 880
280 375
542 115
176 440
86 927
849 969
664 413
932 154
171 255
797 95
52 138
289 360
517 832
310 710
207 814
670 358
288 32
511 740
301 346
848 168
959 844
874 952
78 268
756 848
460 437
13 422
781 429
640 595
18 923
215 878
117 383
578 227
635 510
781 318
88 107
226 201
874 749
412 726
217 442
473 544
827 561
255 39
386 40
170 915
652 275
709 334
982 978
808 17
239 531
412 875
876 320
571 274
111 597
790 112
244 42
118 519
72 891
951 39
901 798
115 831
428 96
581 38
563 551
825 524
440 622
702 842
614 182
742 123
183 782
555 548
37 773
392 576
963 802
802 151
24 11
423 445
851 446
12 942
279 468
964 231
638 794
307 668
289 953
162 169
237 931
932 901
129 848
494 114
246 915
872 350
711 703
643 935
128 360
627 468
275 491
403 30
940 271
890 686
284 363
671 393
640 499
711 506
310 563
65 892
599 336
74 994
958 107
99 397
245 708
568 132
930 503
551 453
184 141
295 610
298 268
936 778
948 5
766 785
580 508
820 393
914 178
649 807
613 638
236 905
643 257
598 381
782 884
472 341
904 706
154 481
338 386
434 945
163 32
74 152
298 350
314 747
945 315
719 971
705 411
854 187
567 821
895 408
663 262
352 8
390 366
269 547
932 485
48 180
556 441
6 926
462 108
983 922
716 823
24 329
978 246
764 555
710 705
537 13
794 740
674 398
233 966
180 763
560 826
437 212
883 60
367 151
501 897
427 34
67 75
713 329
569 269
72 339
879 40
59 575
190 263
137 409
293 518
539 850
613 77
467 879
639 973
549 872
677 736
237 169
864 573
25 669
302 671
801 204
330 990
427 494
986 883
473 92
735 348
38 4
442 917
60 452
639 688
394 844
145 194
407 327
610 918
347 804
522 576
51 40
278 337
796 150
191 716
912 507
325 858
917 902
166 442
350 423
444 56
961 834
688 902
412 542
456 662
663 215
408 729
649 573
102 407
891 638
620 80
953 963
143 783
582 595
406 215
923 315
27 750
785 318
182 398
277 362
861 914
301 20
177 14
984 682
982 885
309 569
495 802
921 191
832 878
870 234
323 885
452 23
555 846
77 446
683 578
889 988
377 10
824 797
806 989
286 844
497 523
828 585
831 634
129 182
31 354
971 879
589 436
238 354
845 778
58 204
955 310
161 793
155 890
542 890
780 955
52 482
785 779
200 309
238 461
828 943
327 745
418 327
863 971
720 331
63 51
600 933
414 939
989 781
722 392
138 809
947 533
551 175
592 932
129 698
21 636
816 604
377 634
195 681
414 581
54 492
900 244
369 238
383 494
543 936
527 55
14 158
415 505
365 378
352 807
846 763
995 31
467 470
378 7
800 469
515 612
146 129
598 219
86 431
566 869
400 380
718 908
352 517
459 731
387 6
740 696
818 798
614 764
397 574
291 883
321 529
495 755
443 924
396 46
387 703
398 676
406 243
173 156
924 980
619 116
914 702
720 973
884 880
796 702
140 954
354 509
292 845
375 748
110 619
738 636
847 130
758 635
965 307
72 62
236 881
58 113
846 462
884 133
686 375
798 365
565 622
802 880
253 466
200 194
954 55
594 494
210 487
5 127
56 897
788 434
354 762
100 458
891 449
980 886
267 965
215 907
4 752
371 697
194 130
301 734
216 630
380 185
203 282
646 210
833 505
464 388
765 714
108 595
129 646
35 94
276 595
631 289
469 110
717 824
482 491
946 538
556 521
11 898
66 797
92 797
238 519
313 684
32 772
269 233
397 52
606 274
257 737
40 783
4 902
383 108
387 499
979 365
69 285
586 393
605 507
718 650
978 719
10 717
136 512
526 269
838 99
549 148
22 124
922 6
157 795
582 100
840 387
32 704
490 4
54 653
145 615
554 717
991 912
667 998
887 835
164 588
140 862
234 1
825 398
572 953
477 443
831 732
851 242
393 526
715 931
898 321
405 604
828 642
298 629
805 741
236 853
890 831
760 935
176 232
470 782
881 949
129 806
993 551
688 19
45 394
98 245
711 809
823 703
332 890
522 134
669 341
706 500
798 107
843 590
698 327
256 350
521 454
160 826
768 185
678 668
715 805
185 473
170 143
246 690
712 454
10 226
626 52
687 535
959 786
636 125
85 225
490 883
292 309
263 936
285 912
327 245
259 365
389 978
339 731
601 236
394 824
568 483
623 583
937 210
173 544
505 176
607 901
765 786
658 169
92 912
437 887
227 671
433 268
606 153
314 633
747 555
459 624
299 128
460 783
210 694
11 555
781 3
620 109
70 902
697 780
757 132
10 737
213 562
953 791
18 576
921 305
443 53
942 629
92 468
607 535
280 726
903 278
561 379
101 386
230 110
843 345
426 659
266 824
132 833
581 938
693 608
968 33
641 461
570 477
807 472
257 452
703 667
98 822
392 637
175 942
112 966
996 358
778 177
462 702
944 137
931 405
552 990
167 95
557 339
544 990
103 777
821 494
418 403
502 541
352 342
556 909
543 281
873 791
503 116
752 672
198 777
760 701
540 697
185 98
6 261
865 338
599 158
322 166
603 219
933 966
613 814
716 693
144 729
289 384
645 99
868 380
616 237
374 237
726 118
138 743
325 551
643 606
717 593
97 584
801 414
288 311
383 198
19 457
256 789
832 308
743 550
550 386
199 816
368 244
810 471
463 207
925 934
175 187
913 998
307 371
274 536
923 141
619 250
990 314
417 796
144 52
970 96
643 26
37 311
101 708
633 887
653 109
196 744
639 68
684 581
421 569
63 664
616 839
983 603
196 383
569 771
714 508
602 72
852 154
155 71
157 628
653 335
785 607
235 416
932 282
231 914
286 925
912 124
75 715
971 913
182 88
440 551
141 78
408 5
318 520
194 618
820 633
124 350
677 976
146 536
538 706
671 290
915 60
823 743
862 47
831 168
873 866
765 436
693 151
768 272
506 748
290 765
554 350
609 793
422 486
705 730
318 215
835 331
949 479
734 607
717 393
665 904
173 821
913 390
950 955
866 446
773 914
740 347
796 422
981 95
431 114
161 618
978 823
196 776
87 861
808 394
790 558
312 601
758 402
444 110
546 645
908 925
515 773
109 918
240 971
22 887
518 904
903 666
616 630
879 665
382 817
791 33
403 864
425 760
67 795
212 208
107 10
951 319
365 846
660 319
477 180
135 978
317 555
728 878
585 811
748 273
642 418
36 149
737 992
735 533
496 914
79 17
483 952
659 925
439 871
277 254
390 311
701 624
489 120
480 380
326 613
898 378
862 571
742 93
615 161
85 950
11 63
512 760
327 793
681 907
519 415
208 431
284 972
698 205
838 669
958 532
480 691
100 356
542 855
300 358
360 393
34 159
307 642
513 115
306 979
399 338
924 563
601 682
104 910
233 814
967 623
733 585
864 920
655 292
526 666
643 986
77 886
480 768
869 490
657 682
285 873
379 114
585 751
511 529
351 504
899 782
817 784
86 127
605 901
317 425
389 876
711 281
421 91
911 656
875 583
614 959
407 9
35 678
840 790
164 196
737 576
165 983
959 701
598 343
669 611
537 985
210 723
762 100
781 30
235 44
329 167
607 284
866 902
155 814
728 987
537 763
6 662
614 507
575 835
373 295
980 241
179 530
128 512
131 663
98 606
274 749
124 962
766 401
166 423
404 804
331 972
336 562
724 877
504 264
614 765
966 742
590 786
884 107
99 789
220 660
194 547
980 582
851 519
305 378
824 726
362 893
453 578
145 785
443 468
450 456
656 675
813 627
655 959
882 455
719 712
65 679
906 87
48 435
929 286
893 197
688 70
896 65
915 991
95 519
684 310
685 697
122 675
637 192
691 171
443 888
522 22
377 983
518 141
54 411
423 882
28 470
265 400
855 879
183 799
151 612
177 898
407 478
725 335
319 690
621 494
930 501
554 441
637 805
294 116
333 978
698 356
840 917
287 262
273 56
350 62
249 903
869 962
28 294
213 878
836 333
714 773
291 556
273 201
666 672
444 22
815 655
168 48
61 283
889 394
447 806
287 329
553 163
705 488
154 73
698 595
44 449
999 19
488 715
789 489
790 18
370 531
22 392
563 660
267 499
474 533
148 342
367 322
461 825
798 392
327 848
275 589
612 994
595 148
137 556
708 413
391 995
529 518
377 608
902 501
480 652
912 821
950 481
667 797
20 110
315 570
447 41
431 948
323 215
125 863
913 666
332 435
623 49
56 809
807 142
955 635
45 60
282 286
539 709
208 947
80 865
964 522
768 309
535 881
133 141
373 520
869 691
1000 318
284 111
34 578
74 663
596 499
420 639
38 58
894 240
49 851
873 705
611 469
348 972
562 966
959 535
818 745
285 740
311 612
536 606
616 396
784 680
527 864
236 421
257 552
674 984
596 325
874 547
670 888
88 212
417 930
441 474
435 425
222 867
848 702
279 232
891 624
784 854
657 472
145 268
890 722
737 874
165 705
131 817
947 928
340 920
448 859
875 36
657 361
509 382
384 499
261 787
524 927
665 779
552 464
166 316
611 591
450 654
262 391
301 163
139 200
766 425
300 64
442 11
816 308
854 860
690 725
975 295
860 37
823 83
712 896
854 975
216 975
983 809
402 540
375 635
551 697
928 700
836 93
233 928
987 219
627 112
907 314
747 699
362 599
95 607
242 1
284 318
727 10
454 132
512 89
808 928
971 476
560 373
389 85
599 204
268 874
711 534
638 562
18 257
661 473
773 255
501 566
35 990
414 587
131 435
227 26
82 779
213 83
335 565
277 688
575 261
209 660
672 236
692 231
588 788
790 700
103 569
723 651
958 358
389 553
999 590
819 156
170 984
682 364
22 901
633 762
683 552
784 660
749 308
622 578
209 11
463 162
302 228
588 709
4 406
960 100
466 277
446 775
418 592
274 908
701 787
248 165
142 577
448 935
547 405
490 46
111 562
538 240
338 106
926 635
158 641
968 269
724 513
86 724
384 334
477 341
853 938
145 923
738 634
289 688
257 402
233 843
885 618
216 939
533 14
682 712
133 752
980 769
156 735
560 471
741 508
121 823
137 362
345 491
422 289
1000 201
411 497
696 834
345 276
212 739
369 430
441 809
302 874
30 693
587 552
60 680
96 849
163 368
868 215
247 58
375 481
431 307
252 364
750 215
588 214
739 834
9 157
916 540
505 942
761 983
856 341
702 640
915 348
517 496
496 100
298 422
415 525
17 86
457 287
972 426
386 773
272 83
959 700
167 322
430 458
876 14
240 1000
222 168
334 614
481 498
797 98
288 723
835 179
61 359
139 421
811 887
71 594
109 667
844 978
168 371
576 16
353 937
672 547
440 36
231 904
126 166
127 843
383 733
889 184
547 286
513 402
624 443
2 921
710 956
2 58
998 69
758 581
427 797
283 552
949 944
200 145
727 383
33 343
699 774
438 302
955 368
9 478
943 931
746 279
285 441
31 165
65 599
855 8
519 693
713 828
336 14
924 903
997 247
158 347
142 892
237 194
919 668
216 405
423 877
372 875
122 898
30 657
622 79
734 901
181 779
610 687
740 62
599 357
99 477
969 997
826 690
659 56
188 351
316 772
703 360
551 510
109 827
290 887
494 655
278 328
463 836
653 788
234 66
486 559
530 97
97 713
472 425
400 326
114 930
153 530
279 86
706 702
657 98
700 448
166 492
773 540
740 961
83 318
288 634
533 672
532 981
27 775
763 529
286 624
606 671
668 151
900 544
150 195
358 166
475 454
405 511
101 384
652 16
712 763
196 404
93 828
390 508
229 300
237 721
366 911
2 748
777 690
245 530
798 280
196 74
513 152
931 185
112 873
538 893
760 965
964 183
103 549
767 514
828 902
656 543
306 920
111 159
403 206
243 271
983 475
731 98
817 210
501 672
301 833
412 183
915 216
535 771
388 184
541 110
228 447
621 320
307 776
330 619
469 36
531 25
311 833
845 772
895 519
640 623
491 325
274 485
562 528
744 691
325 950
326 739
183 614
627 926
683 976
934 794
970 375
141 846
500 467
743 433
134 923
838 399
734 76
516 135
675 574
322 778
162 983
823 494
924 260
587 47
847 484
853 691
236 731
967 716
586 161
172 258
67 748
606 695
96 44
850 125
949 583
594 118
336 650
996 300
744 422
424 825
676 743
91 1
698 27
202 874
258 904
777 904
263 497
688 221
281 601
138 242
567 335
453 827
293 598
96 616
885 856
356 10
897 400
609 942
812 261
651 641
817 665
692 339
324 959
240 434
717 128
440 212
848 49
604 534
53 264
296 952
868 131
691 650
543 917
270 11
365 375
591 953
528 861
1000 682
786 29
473 814
221 600
387 250
817 544
100 587
729 29
605 754
243 438
861 616
631 898
580 912
416 521
571 703
666 665
334 523
597 911
359 460
52 532
737 772
331 631
919 110
867 393
646 975
853 742
785 142
410 246
870 939
176 643
912 898
558 163
755 601
662 935
725 169
875 912
966 361
344 744
590 645
202 714
441 402
28 834
777 213
55 443
168 581
352 162
337 178
139 68
305 348
380 752
462 967
599 687
394 26
336 261
198 537
343 194
682 600
204 260
59 523
902 77
996 312
924 525
191 30
198 814
197 649
897 323
203 964
555 363
848 511
975 958
879 210
256 484
518 12
777 134
134 261
686 822
319 779
584 664
267 676
395 26
118 448
173 902
725 681
318 241
835 297
711 394
217 962
790 895
611 270
705 853
922 252
520 478
593 760
771 839
446 740
602 326
531 190
643 408
368 80
630 280
388 293
251 397
14 411
531 303
952 984
312 631
23 475
340 77
553 52
844 749
172 496
136 692
58 621
910 142
724 26
88 316
767 68
880 808
643 84
535 66
353 936
121 180
37 606
870 806
896 519
55 110
993 233
866 601
181 401
210 21
354 970
859 640
480 371
263 178
211 645
763 944
267 183
250 869
824 728
367 14
868 545
382 713
176 26
487 929
493 420
510 514
404 491
959 347
997 20
764 993
12 720
270 532
508 39
825 867
328 645
720 391
792 20
926 163
163 868
55 579
263 630
303 453
220 945
61 627
388 197
172 556
708 910
69 920
30 662
87 451
803 914
958 271
406 929
865 858
822 127
761 665
104 424
69 698
235 718
855 299
666 908
204 835
192 795
714 944
237 261
97 914
39 531
136 370
744 743
99 940
549 962
680 655
164 288
517 356
814 478
857 825
198 3
18 669
439 367
443 872
224 741
597 839
601 316
654 310
268 85
636 141
698 750
818 7
337 954
361 688
589 840
330 381
101 574
743 195
767 201
254 20
275 881
516 593
432 978
267 501
266 359
348 248
991 774
436 826
598 940
103 326
91 262
988 8
456 137
115 140
618 29
594 716
971 839
278 561
600 687
156 710
845 243
870 270
138 223
103 693
439 378
354 673
853 285
47 646
621 541
147 212
459 358
65 926
125 959
682 818
419 808
636 45
782 361
363 595
769 610
740 467
503 883
393 342
420 633
994 322
43 658
171 818
783 246
92 849
360 190
958 328
248 719
780 487
356 570
748 868
593 125
734 275
191 129
630 320
84 172
325 838
408 581
680 875
808 288
350 427
705 168
586 381
70 26
400 50
292 480
844 565
829 199
84 898
352 458
463 494
107 432
699 276
918 118
723 154
28 712
732 852
384 356
516 565
311 91
983 965
803 163
630 671
701 576
116 160
533 598
46 655
704 183
372 377
907 94
897 68
936 382
636 36
399 851
409 610
449 605
714 671
198 944
271 780
816 995
712 212
986 287
803 767
881 707
521 434
333 340
483 315
366 484
740 145
234 826
574 792
756 603
522 959
597 473
52 34
131 437
762 651
579 819
907 501
184 329
331 42
557 888
852 632
47 222
204 321
878 716
165 175
904 977
703 419
900 421
79 734
745 982
840 830
191 556
274 744
645 503
65 277
849 424
909 147
343 955
334 135
254 370
770 251
757 121
837 177
487 504
805 979
774 674
660 475
267 428
567 889
70 435
71 654
438 183
422 776
315 440
443 239
300 172
999 498
177 447
944 409
162 333
572 228
720 751
827 69
153 438
372 302
524 227
391 916
709 169
603 698
289 694
641 409
309 315
782 119
385 219
599 686
159 281
237 553
704 598
474 376
547 928
180 703
167 915
833 723
464 90
450 133
626 810
418 359
323 318
604 981
661 394
241 153
62 297
928 279
413 337
57 255
4 184
706 148
156 245
796 389
818 589
631 245
531 80
558 548
621 41
904 907
682 447
867 121
886 183
669 723
766 841
985 230
269 229
715 61
898 422
240 923
995 797
320 3
343 889
752 6
735 967
314 609
921 575
4 485
960 467
561 241
231 164
364 331
183 769
205 969
887 695
942 470
908 226
909 183
790 887
398 644
809 355
116 331
118 745
986 334
249 878
35 231
698 557
861 15
738 314
980 355
59 106
120 685
335 777
880 614
556 44
814 857
361 23
128 208
225 495
665 495
975 718
549 637
229 488
506 879
31 294
825 753
988 843
203 645
845 206
257 365
798 220
357 436
674 470
536 491
241 347
831 156
559 12
102 584
983 49
328 533
683 413
332 197
596 906
479 886
114 397
995 492
243 595
732 592
380 328
878 59
111 456
369 687
765 603
843 817
327 96
972 155
496 164
170 429
635 179
433 725
714 558
182 968
164 579
577 254
688 689
553 373
535 701
795 208
191 727
921 618
922 725
482 860
908 928
141 79
75 983
370 989
222 138
188 46
596 147
580 888
562 479
140 137
412 934
714 226
957 350
995 535
409 216
616 704
442 272
999 84
509 200
935 812
948 865
934 705
314 982
921 166
137 887
245 766
12 177
269 606
384 264
371 136
922 312
634 526
546 636
94 198
893 787
597 667
989 352
383 977
332 549
377 594
133 532
187 497
957 770
453 547
607 838
521 699
578 956
940 59
228 869
360 437
472 890
879 454
149 331
333 478
6 76
525 928
565 723
267 944
252 210
824 467
693 775
590 190
875 940
261 146
726 462
860 384
594 883
78 509
433 902
177 796
644 484
118 425
487 377
697 406
630 564
904 216
8 493
13 612
713 924
532 448
682 85
976 314
460 363
812 976
501 369
194 283
910 125
108 565
337 587
97 588
593 711
223 57
139 803
480 393
887 338
819 50
924 204
917 897
757 834
709 751
502 359
838 397
738 17
590 800
773 638
830 609
84 899
678 437
314 648
25 347
358 241
16 114
639 652
844 788
206 261
79 57
283 524
253 763
414 310
687 431
376 159
859 602
749 802
591 3
666 246
485 804
524 248
484 397
436 552
309 294
715 879
479 650
327 815
473 842
923 890
998 146
361 239
461 906
537 236
936 220
761 675
681 917
15 741
419 536
719 653
337 252
94 674
795 787
831 212
778 32
267 557
55 906
630 886
702 323
596 962
299 476
321 872
856 943
178 743
129 701
722 532
895 898
986 161
218 343
274 37
477 554
781 562
86 198
640 734
824 43
329 627
55 916
826 761
158 32
709 784
716 787
213 193
658 462
52 833
401 63
566 859
900 23
114 518
575 663
181 321
445 430
856 429
51 11
398 796
903 769
155 249
670 712
303 929
865 476
629 579
766 524
13 76
931 729
518 799
795 422
690 176
231 16
92 378
98 711
762 302
391 352
598 664
656 255
558 636
935 871
58 681
754 954
991 955
371 290
102 150
28 813
177 45
224 460
144 306
951 473
77 460
314 910
261 645
922 193
318 974
769 510
244 903
272 406
689 91
391 919
997 85
567 30
874 214
349 828
543 17
232 297
391 732
31 333
897 167
310 156
756 452
693 469
200 342
690 194
848 354
280 206
1000 189
449 681
142 756
440 404
976 198
315 980
742 925
272 993
331 625
42 475
443 923
678 708
146 429
427 412
90 382
541 197
320 503
450 838
948 249
181 726
58 533
127 419
94 184
866 305
630 286
832 449
504 626
265 870
969 552
252 956
866 160
390 824
173 584
749 277
986 761
370 950
580 773
653 975
1000 821
805 868
508 808
624 65
733 289
455 543
496 724
150 75
443 959
725 556
121 186
818 240
625 762
737 969
414 270
876 846
292 878
849 607
900 877
600 439
331 393
955 151
82 473
300 32
180 638
618 189
399 412
715 823
794 650
102 879
250 978
608 224
286 396
907 502
397 860
90 798
366 67
958 903
472 594
947 655
399 35
347 274
461 294
392 307
330 496
622 227
949 113
95 801
787 586
133 4
6 274
134 487
119 191
284 400
983 278
78 664
38 131
539 618
223 141
647 543
189 907
337 634
191 355
29 324
724 800
604 728
826 718
568 871
811 286
857 236
878 282
626 275
455 447
694 841
762 819
402 69
946 394
531 220
22 977
88 77
70 941
587 21
838 551
511 117
28 337
378 794
732 701
986 733
852 6
836 643
878 854
316 331
889 127
562 431
359 103
608 721
491 823
628 668
405 395
999 87
286 390
415 38
328 152
516 595
477 361
387 513
457 953
563 664
966 695
624 474
862 612
846 361
663 653
832 695
318 902
814 779
746 965
42 972
387 831
390 386
907 52
582 502
664 799
258 560
617 961
889 548
618 426
980 725
229 747
270 583
312 441
591 509
685 776
910 4
335 691
826 882
749 484
953 176
609 534
298 775
797 511
512 113
425 955
806 631
842 948
593 122
480 861
765 836
561 996
47 625
341 788
824 306
111 382
761 857
852 640
561 629
856 579
359 912
251 11
346 813
274 62
354 368
437 985
514 904
968 704
947 654
176 238
229 673
953 263
790 660
312 723
320 174
230 993
929 580
970 312
93 439
477 792
839 206
226 57
650 223
593 992
356 794
696 407
880 148
921 502
953 965
132 463
544 857
210 806
677 968
710 91
178 328
269 671
883 565
171 913
382 940
528 478
334 558
894 151
896 594
706 837
102 122
909 928
949 723
676 957
749 801
150 460
356 798
234 213
73 721
55 559
998 147
641 834
603 705
944 558
954 29
332 985
223 278
695 262
590 104
183 466
354 720
704 763
744 312
928 559
733 608
185 58
8 733
579 390
122 743
497 73
939 126
501 641
467 785
378 444
824 206
130 835
882 124
466 828
777 248
83 865
337 561
91 974
305 885
203 136
904 645
759 439
428 799
470 358
535 518
627 545
260 224
291 650
218 630
881 158
899 971
670 702
451 944
13 873
674 677
914 244
865 610
331 266
924 317
374 492
487 135
469 392
252 776
86 946
629 362
724 402
728 250
467 171
892 728
644 819
931 681
148 581
535 59
775 505
500 208
961 578
301 481
509 286
420 305
331 854
867 616
561 309
905 907
685 448
413 600
72 838
514 101
400 845
7 416
219 774
291 437
336 730
278 669
135 124
745 651
953 413
129 163
37 874
244 354
780 966
50 743
224 151
901 598
264 613
851 427
622 490
717 494
846 242
189 693
150 677
58 348
835 127
588 413
436 978
328 763
94 722
310 959
976 199
37 607
298 991
81 485
104 2
413 446
346 819
823 631
57 140
111 321
299 315
891 293
161 446
329 780
207 823
682 155
646 502
208 782
628 320
598 31
89 61
625 83
6 218
578 75
446 747
36 611
588 944
240 14
682 445
666 550
174 753
397 46
311 424
406 452
652 548
179 202
899 197
671 617
672 345
939 853
671 766
18 10
191 992
822 638
145 712
222 974
469 253
442 846
812 91
275 854
240 601
334 439
637 550
139 135
434 633
857 799
978 122
987 456
296 349
898 347
516 670
68 5
909 633
885 427
680 415
239 220
850 979
963 240
67 455
875 556
881 943
224 762
834 639
119 491
730 700
161 143
825 864
778 649
664 34
663 812
760 651
925 197
232 36
87 254
470 226
261 205
502 691
564 426
13 668
910 730
565 520
517 796
12 440
459 204
206 587
82 941
781 663
699 353
34 712
806 298
87 846
534 773
208 859
282 766
262 568
87 589
916 589
815 441
799 964
51 164
825 919
757 586
761 527
541 345
579 922
1000 741
776 251
783 268
914 173
80 579
249 204
250 127
506 229
614 815
174 892
467 242
586 324
37 140
61 278
300 562
892 768
979 613
883 706
40 15
785 777
116 314
5 831
912 195
70 223
789 387
457 234
352 400
279 417
466 104
908 23
876 939
945 30
231 825
490 245
2 889
666 144
728 585
196 39
328 119
890 104
440 529
239 131
931 493
180 595
202 995
55 573
466 940
765 72
603 277
15 643
586 589
497 834
578 557
924 705
218 813
716 611
129 949
349 786
299 101
998 417
307 622
180 480
384 741
540 512
797 111
981 754
661 448
664 476
662 879
759 317
178 592
431 262
218 369
705 865
354 369
687 561
925 380
765 637
108 288
521 87
501 383
165 808
959 530
620 282
86 410
677 301
866 246
687 900
382 908
761 261
27 985
430 6
605 396
808 178
24 833
614 602
117 82
64 66
637 795
620 79
235 156
923 304
434 735
897 669
310 330
222 902
851 82
211 499
231 972
687 377
386 269
560 960
100 428
46 291
193 829
107 723
788 720
220 18
862 577
478 846
427 712
444 746
45 915
230 159
177 481
175 874
918 2
440 557
110 806
341 755
72 408
633 814
544 786
985 896
548 470
343 58
385 414
404 430
815 844
483 431
889 688
33 396
336 59
299 65
341 838
237 245
99 379
190 181
300 702
265 66
857 408
659 142
322 228
954 606
588 175
592 42
600 485
820 42
677 495
921 917
665 771
541 228
190 870
344 402
736 916
991 80
259 427
5 691
799 170
315 463
520 518
326 497
443 695
634 174
27 52
355 387
164 379
457 503
98 483
47 778
486 890
531 501
933 393
370 995
956 126
675 734
896 785
839 979
731 753
329 30
917 645
900 597
776 603
335 16
28 696
692 727
975 32
585 448
196 345
144 308
421 936
741 547
654 702
261 514
719 988
615 223
46 686
340 975
736 28
943 460
436 563
138 432
267 796
971 768
437 228
440 696
82 277
979 609
357 413
323 5
142 587
289 917
290 454
474 411
312 370
989 584
393 983
983 46
397 903
933 725
426 169
797 422
925 145
546 102
953 88
95 719
741 217
893 398
180 79
56 85
593 466
192 533
392 119
998 843
89 147
952 15
679 228
194 598
995 211
342 862
331 203
208 670
31 313
908 601
835 587
548 791
273 86
312 652
696 370
914 217
369 638
960 423
101 979
47 477
452 515
911 516
880 78
107 930
633 778
219 697
770 811
166 596
466 498
529 208
32 616
969 409
866 677
558 162
430 792
969 106
552 30
145 600
168 263
187 37
470 890
400 682
384 303
612 869
386 501
691 96
33 520
305 227
58 429
357 223
227 726
333 603
767 900
348 310
167 850
183 240
181 216
525 552
768 995
551 552
453 733
168 835
834 636
707 246
898 752
232 150
94 828
168 978
907 377
545 704
52 336
20 182
632 454
926 722
471 655
919 667
498 811
688 455
172 552
191 284
808 142
81 503
920 666
389 825
506 401
696 65
513 541
364 855
96 538
47 802
382 892
804 943
274 506
938 917
558 666
908 637
865 134
620 311
456 900
114 588
867 150
143 251
136 374
718 440
748 147
122 380
765 352
350 435
904 891
83 811
954 756
941 959
696 509
58 922
593 779
44 665
230 692
1000 787
452 758
717 253
690 118
728 957
983 735
362 135
309 956
774 734
900 557
426 888
399 781
426 896
334 265
435 670
292 829
59 26
558 48
235 445
399 732
166 941
186 544
121 438
763 995
638 205
811 517
745 265
910 891
641 454
471 111
932 707
79 410
233 974
215 106
424 215
263 432
765 56
487 854
258 848
232 1
773 372
6 365
228 469
564 399
602 198
427 329
583 754
659 226
717 872
575 414
578 494
687 560
863 366
7 738
319 732
648 192
958 509
781 412
263 901
359 624
812 866
448 405
572 470
442 767
169 93
705 51
688 815
249 239
622 680
438 611
848 549
813 557
64 212
173 398
880 150
884 582
26 144
132 48
931 655
439 508
277 257
794 157
814 216
175 422
468 412
988 347
637 401
524 917
887 915
552 288
287 73
948 789
788 610
606 809
220 124
48 438
257 921
361 434
15 851
97 559
348 216
262 264
586 908
154 560
530 907
927 159
474 277
923 169
594 2
926 477
674 271
994 847
867 908
444 952
855 94
142 543
180 342
931 438
201 423
220 966
596 973
346 315
941 930
377 913
412 144
218 163
41 32
971 886
265 466
492 341
26 32
976 394
596 675
562 706
507 880
623 422
947 936
469 180
108 404
570 641
937 130
848 995
389 315
541 256
270 339
32 240
731 958
689 110
628 786
365 404
421 386
408 799
117 275
135 660
436 669
999 981
486 744
415 676
628 897
214 448
10 846
232 946
321 647
505 482
87 952
643 238
37 323
460 846
857 636
554 590
580 706
822 846
609 182
186 353
295 641
188 823
968 307
954 362
776 698
177 435
965 170
344 668
771 993
633 282
766 94
548 277
162 440
327 790
427 836
634 948
431 788
123 556
140 615
271 767
219 38
615 444
604 179
141 907
886 442
593 166
299 31
473 288
436 988
69 609
15 408
436 67
807 76
940 329
226 555
595 654
121 23
593 465
242 257
668 293
134 393
673 473
303 258
731 335
570 579
701 427
596 711
227 60
323 991
415 981
553 652
62 334
563 295
56 291
518 589
635 393
853 50
729 124
216 41
592 452
192 978
933 475
921 515
494 983
813 629
960 471
62 571
818 909
175 376
896 847
604 944
532 213
543 653
526 277
253 985
737 916
679 777
684 629
331 743
443 33
598 699
175 606
1 271
325 502
120 1
376 29
913 594
534 234
360 823
59 110
166 902
768 710
660 476
272 501
148 296
421 547
888 117
262 208
50 854
266 159
875 657
71 908
976 1000
816 459
213 533
889 525
784 495
893 839
661 103
367 122
246 889
120 445
945 700
234 461
698 335
807 227
919 805
427 223
673 155
850 269
76 254
481 906
688 504
88 532
52 119
142 898
556 711
192 626
209 564
788 526
601 986
351 45
126 991
697 495
695 780
166 90
890 504
374 153
606 468
933 780
203 35
380 438
631 35
725 426
819 173
656 618
734 312
130 730
338 601
202 536
451 906
801 635
201 855
398 987
414 749
151 33
870 699
282 176
504 768
261 725
516 169
277 635
739 288
926 776
766 587
115 599
283 695
343 639
533 539
805 774
20 578
774 735
664 899
280 687
338 157
801 935
913 685
897 800
737 33
851 41
871 154
563 669
924 941
35 20
58 479
386 470
44 222
200 36
54 899
71 995
223 776
150 406
321 990
300 7
343 419
954 4
148 179
975 686
251 704
299 585
155 774
797 331
599 963
855 437
146 227
366 98
354 698
371 712
157 93
557 476
234 707
825 92
113 601
310 532
721 211
830 463
479 231
852 643
299 261
281 786
1000 406
700 408
535 910
494 480
920 759
928 194
967 227
386 562
574 67
796 457
264 202
998 995
782 140
951 879
327 209
611 474
540 966
977 676
737 528
386 852
784 687
126 548
821 588
424 46
705 163
779 868
110 382
606 125
202 111
793 512
211 151
982 928
895 65
435 479
255 230
790 215
258 60
331 734
206 414
259 116
121 134
908 166
141 337
642 470
861 194
166 748
850 341
30 813
615 983
519 471
324 188
736 276
607 627
704 306
23 962
227 895
304 128
278 213
733 185
280 937
903 131
671 103
110 455
917 35
367 476
885 415
10 193
708 504
671 244
508 134
437 71
445 659
724 642
802 212
73 560
747 688
324 647
623 853
203 990
191 113
964 439
751 905
994 942
223 288
319 103
69 970
363 677
729 383
424 575
320 624
686 911
961 966
750 194
768 19
576 673
583 870
237 422
75 87
576 720
958 414
728 395
873 678
896 771
964 779
624 748
967 84
880 326
878 721
91 737
406 332
212 395
361 823
359 740
633 923
643 307
819 263
574 345
340 55
127 233
304 608
947 246
141 147
640 798
753 699
26 245
908 251
399 960
382 136
53 1000
365 838
314 680
779 622
266 567
254 454
291 88
58 693
225 204
64 334
374 943
15 769
534 103
421 854
709 3
896 416
490 203
646 764
172 115
873 266
990 490
731 470
508 315
702 807
647 226
831 385
500 663
384 18
771 670
96 300
884 317
355 553
637 67
12 554
673 346
733 976
744 279
906 10
825 954
459 340
167 31
564 465
252 389
109 268
384 687
540 586
43 930
88 569
416 240
470 423
164 886
994 549
890 626
854 25
514 988
3 397
450 834
970 413
365 341
423 565
706 435
304 863
94 188
187 522
919 309
272 102
913 132
312 637
791 895
403 934
562 677
636 534
16 257
179 207
628 998
591 990
981 462
344 829
809 213
530 333
960 71
266 600
246 421
144 116
239 549
387 664
174 176
748 365
825 383
326 927
82 179
102 182
139 184
489 179
16 954
992 182
25 49
334 37
483 813
50 932
552 318
922 329
902 374
667 543
287 806
698 251
625 937
76 571
738 648
557 68
833 769
264 516
118 227
124 414
894 366
641 154
440 453
777 970
100 407
671 29
416 318
649 256
595 572
835 237
88 614
485 428
15 537
416 173
270 312
881 287
220 911
186 523
481 905
704 964
636 7
484 788
379 22
844 244
994 713
904 289
522 880
490 284
19 214
904 176
796 486
28 24
503 318
240 222
882 869
341 432
624 820
382 516
868 423
27 65
688 773
926 485
602 727
455 729
238 667
114 989
335 263
322 654
514 484
535 414
793 555
745 802
429 847
396 24
14 667
40 498
101 727
943 794
233 487
841 224
219 564
435 627
184 817
171 937
248 228
32 741
415 34
58 365
956 262
615 3
896 505
269 601
382 418
737 145
449 762
387 914
211 310
478 351
71 994
846 412
353 537
851 262
824 762
381 235
147 399
24 450
405 843
979 682
285 485
15 652
148 35
186 346
803 713
487 848
241 378
223 446
152 469
392 324
545 258
695 388
711 661
345 292
481 804
209 373
76 340
34 888
271 69
899 676
773 131
702 315
282 686
372 854
657 618
530 504
342 186
734 616
271 234
455 121
868 150
579 861
265 261
88 864
806 164
666 891
848 874
933 745
482 424
464 611
543 847
468 875
240 250
773 822
307 353
845 461
16 449
765 860
651 889
878 677
714 56
175 221
558 868
697 597
925 957
503 721
623 832
633 960
907 758
50 40
417 811
53 915
192 313
814 247
303 607
991 578
171 917
470 643
333 751
735 585
59 56
649 758
906 723
409 985
616 991
625 791
349 655
119 793
444 741
998 4
993 900
43 509
405 254
30 133
609 813
54 31
495 123
318 640
509 811
976 832
629 522
479 919
923 927
263 406
298 999
997 167
176 407
470 41
290 643
534 998
350 531
8 336
744 218
800 732
10 479
384 536
308 35
864 723
609 186
342 198
809 659
679 246
117 590
89 37
143 256
327 39
347 749
960 688
485 855
839 392
942 924
487 700
554 479
248 608
246 191
583 20
201 878
865 471
593 960
614 746
406 431
49 674
70 120
880 180
183 827
408 575
600 19
726 599
31 871
396 32
623 981
274 900
560 641
867 543
689 995
527 659
714 438
336 944
68 271
817 935
434 593
538 107
685 136
964 786
393 536
300 62
89 861
201 315
404 248
903 942
527 179
423 317
957 837
949 144
585 366
659 755
976 566
293 785
202 806
155 848
942 968
208 448
121 846
195 51
413 152
822 252
989 581
169 684
349 806
190 378
191 7
798 117
17 992
646 57
191 148
96 762
423 833
775 492
820 369
502 730
599 232
359 839
329 816
401 355
609 828
686 936
891 150
53 590
859 436
627 656
403 346
885 808
833 130
375 287
782 69
970 493
769 846
421 467
423 645
528 975
156 768
585 690
507 636
921 641
517 265
866 189
630 130
157 266
636 535
213 962
292 471
41 209
369 716
979 503
317 868
11 569
800 386
31 970
453 100
718 656
80 776
689 958
232 186
66 727
710 20
54 744
576 104
101 515
16 191
923 940
789 476
420 337
439 87
97 420
135 190
971 657
68 355
270 931
16 206
625 846
975 438
357 843
860 118
560 794
408 215
146 595
326 713
668 976
776 950
392 587
76 272
87 62
173 485
654 955
414 188
421 289
134 47
970 4
530 864
461 336
392 425
925 193
985 622
327 683
481 799
336 6
466 736
734 994
493 80
5 909
939 186
889 65
981 843
798 883
699 730
995 355
173 995
213 418
363 509
380 437
399 52
91 522
113 214
991 247
235 711
252 767
751 535
653 44
930 748
53 619
354 360
171 189
4 161
43 589
583 79
827 761
965 667
931 519
531 449
843 371
481 22
118 813
634 472
605 469
734 235
896 988
844 927
921 398
633 916
631 609
432 333
401 432
861 252
419 89
831 772
524 991
249 780
527 715
440 823
926 991
225 130
805 614
367 341
224 973
611 683
627 315
638 240
875 750
346 464
441 316
647 148
524 161
253 63
55 361
43 289
559 937
46 596
585 294
716 520
129 792
534 616
43 207
907 358
125 967
988 587
972 832
609 922
294 348
77 932
649 291
225 913
464 439
172 632
730 958
158 447
768 159
759 448
863 766
95 768
316 595
479 225
514 990
712 492
976 417
830 92
356 451
142 66
422 210
597 288
655 384
518 290
331 148
648 82
833 74
214 667
571 826
199 917
165 5
365 161
459 808
499 967
367 636
889 339
98 447
801 517
107 250
17 22
610 143
45 576
367 695
692 985
827 49
504 141
272 115
564 893
903 590
575 829
931 769
89 934
275 805
847 413
372 51
101 603
780 106
358 122
505 662
785 452
269 747
626 688
153 50
763 787
201 286
310 104
58 497
611 711
563 616
603 599
346 436
720 649
628 2
224 856
614 117
392 692
335 636
963 319
933 223
175 999
492 893
668 792
725 857
236 92
252 157
604 170
732 407
695 285
890 779
1000 751
229 187
980 869
769 308
988 696
974 383
299 69
941 526
821 456
215 873
626 144
608 395
841 827
114 124
578 303
869 508
835 757
907 531
268 867
218 564
821 121
426 470
88 910
204 77
367 515
62 119
355 971
545 15
928 369
628 85
285 780
930 451
296 214
240 313
368 334
167 296
26 652
155 288
337 581
356 487
468 793
721 479
282 933
766 218
467 483
749 9
57 567
666 975
978 813
294 666
959 562
763 149
964 900
53 857
23 463
425 964
64 132
670 818
469 403
397 150
606 204
705 141
784 796
889 116
166 556
683 722
389 371
226 283
524 854
692 556
572 74
865 176
315 211
888 271
738 772
103 80
469 870
272 238
861 36
594 929
22 478
45 983
407 528
547 365
954 361
662 46
955 16
261 655
387 604
784 216
823 25
497 595
41 705
280 903
104 587
837 365
548 272
915 751
145 803
76 529
10 227
727 175
486 484
716 961
823 831
185 895
918 593
590 184
730 677
853 495
107 878
592 718
314 460
337 997
626 805
722 464
410 970
893 281
694 810
768 51
898 807
920 787
692 319
820 244
177 862
454 606
363 818
605 923
75 484
222 341
648 780
84 414
856 687
303 252
566 562
382 671
109 189
296 358
995 36
333 949
762 793
84 269
925 721
857 11
57 595
796 162
959 598
1 420
285 675
201 696
383 128
420 158
352 572
10 95
311 131
562 418
291 907
210 207
598 476
66 677
819 481
72 570
398 540
681 384
528 381
475 762
16 33
953 768
365 808
974 942
791 204
81 717
79 78
245 370
860 565
178 269
456 439
942 187
653 316
768 554
72 871
715 975
976 717
349 325
520 719
742 484
618 518
908 334
894 35
842 454
400 573
917 488
243 111
765 206
550 878
809 85
993 963
723 406
499 134
318 718
30 194
56 569
328 830
863 854
730 89
118 396
688 14
587 784
548 490
732 351
453 356
928 620
472 600
857 268
290 345
897 423
717 30
761 982
815 753
483 376
670 172
229 836
513 887
364 685
66 35
860 641
678 794
381 762
856 540
730 253
569 185
532 299
973 414
70 402
905 223
856 651
193 815
433 718
86 256
344 479
75 17
20 643
23 273
317 52
834 222
527 225
360 585
696 88
899 774
204 970
447 673
498 747
50 288
807 518
994 11
905 169
65 293
50 435
899 36
356 397
232 909
286 750
303 724
413 940
613 701
149 702
888 728
596 9
671 729
468 388
664 681
311 222
495 941
11 770
505 761
987 525
888 438
103 233
486 243
287 998
474 539
296 587
236 128
867 27
508 270
24 341
613 445
581 927
105 110
893 925
345 671
306 687
546 345
396 956
272 754
764 797
157 169
419 754
665 750
941 553
394 316
512 119
548 669
878 252
419 835
315 786
891 371
564 395
436 6
19 22
5 23
133 98
903 964
947 690
113 96
76 108
503 367
108 285
364 951
130 923
11 174
764 304
160 430
951 872
940 47
807 487
989 636
60 335
830 191
388 342
106 669
621 234
18 983
576 917
769 94
763 377
987 941
94 5
745 990
122 466
737 378
912 262
931 546
469 623
36 902
795 467
905 695
80 977
889 29
466 438
822 571
757 30
84 245
317 653
836 899
139 373
488 529
64 660
729 742
576 864
441 494
667 552
45 148
543 149
333 493
949 590
495 20
138 409
234 366
627 205
650 316
119 569
279 900
366 146
665 345
423 121
100 474
67 19
217 674
424 813
381 495
219 508
792 84
298 997
133 843
200 543
399 97
298 116
17 975
285 154
893 485
531 862
694 766
826 430
510 911
338 984
65 816
838 917
950 519
882 969
496 148
792 481
189 367
393 378
621 428
839 501
87 624
74 689
760 548
406 720
243 814
818 560
735 53
902 708
877 356
588 703
577 40
460 612
444 97
501 112
946 223
986 748
400 135
666 750
390 998
162 897
326 148
936 104
957 302
282 102
586 488
902 874
663 124
912 946
667 889
316 265
634 508
541 832
893 513
788 915
456 412
793 771
831 863
267 420
324 147
185 563
383 688
542 529
923 561
874 193
12 368
729 706
567 230
806 922
842 419
510 269
81 787
561 9
10 273
375 657
546 447
49 253
825 143
586 940
399 385
182 51
699 135
385 211
133 597
229 508
829 623
974 446
137 739
375 951
406 896
911 395
402 649
742 773
301 577
15 375
533 502
699 978
498 768
389 191
433 967
108 583
125 639
678 767
220 853
795 561
632 653
948 81
34 529
912 696
151 970
706 31
429 676
213 125
338 734
454 977
229 739
960 529
36 617
240 4
97 909
792 667
728 64
213 863
820 297
240 915
483 699
351 929
875 299
583 250
72 684
658 207
625 256
610 180
939 826
253 612
625 401
936 68
295 835
795 411
399 528
13 506
452 814
366 989
357 919
148 711
537 369
562 228
525 496
693 894
859 618
842 372
935 913
462 29
393 570
46 348
672 795
788 661
6 830
780 877
634 613
48 64
949 902
676 834
751 270
385 319
618 433
376 956
360 321
859 953
882 506
37 921
976 891
940 222
100 259
59 693
117 661
272 806
402 749
349 776
208 164
47 757
640 81
660 28
733 674
94 688
846 835
919 288
927 518
380 209
788 184
639 941
626 40
221 836
204 150
920 671
80 140
248 990
542 378
30 558
235 552
569 184
164 740
751 672
292 311
312 847
701 459
49 812
670 478
288 200
524 263
307 249
387 29
251 307
252 616
58 837
517 767
32 807
494 661
188 448
61 78
479 323
762 941
529 260
910 139
291 985
274 665
995 801
173 421
710 340
218 842
771 464
304 555
318 674
487 90
803 367
53 956
795 359
300 959
395 605
153 171
124 906
953 652
770 42
899 338
611 604
617 543
487 649
425 867
154 419
943 746
436 604
71 991
665 342
189 932
428 200
176 49
632 154
176 128
323 51
72 497
458 790
811 806
498 23
998 456
983 124
821 321
147 128
834 716
707 102
581 577
547 753
134 299
51 635
158 445
142 806
623 171
929 147
517 890
521 383
669 47
508 846
967 846
26 694
874 421
65 196
437 524
170 393
874 997
66 806
801 313
187 966
248 728
670 581
957 810
303 36
677 215
457 332
442 760
294 873
28 285
97 806
4 278
960 484
725 172
339 993
557 454
476 350
863 369
726 590
250 383
337 675
353 713
564 49
373 50
899 692
979 15
875 942
487 459
89 981
992 130
11 958
740 90
858 759
747 37
992 113
573 556
278 648
877 772
37 895
439 959
561 125
599 669
450 404
718 53
924 652
393 812
695 287
916 88
522 243
798 28
694 989
833 358
459 428
242 52
309 226
721 162
578 301
650 238
871 639
717 182
707 352
692 468
530 475
969 841
513 559
588 165
772 300
713 972
947 830
92 101
721 477
78 882
320 274
764 341
434 294
633 534
8 239
687 817
909 343
503 400
201 642
18 824
421 397
539 230
744 552
174 847
306 127
913 45
572 358
338 428
980 3
891 696
877 389
13 933
871 363
505 342
914 544
532 919
883 617
794 250
886 364
14 961
662 117
97 413
577 619
1 343
3 481
633 172
617 727
466 403
466 189
818 294
349 656
121 625
818 441
927 233
626 750
309 258
521 874
99 882
633 398
102 891
54 254
862 833
43 553
629 634
850 889
655 507
210 472
87 98
185 238
99 592
63 245
594 654
531 671
225 878
778 460
821 42
643 966
987 324
539 338
850 554
197 476
906 360
543 605
532 531
682 243
169 988
887 174
579 137
126 719
724 576
570 126
49 775
952 132
682 21
98 204
355 199
191 597
359 695
967 52
145 133
130 755
795 207
43 610
83 721
502 133
675 821
143 519
662 541
661 966
68 905
795 124
887 274
249 170
324 275
365 516
149 567
97 878
848 738
117 99
637 876
212 137
892 763
841 383
239 688
899 91
439 434
154 14
652 257
140 109
624 200
897 686
883 581
934 579
931 464
960 202
409 116
62 798
157 750
512 771
305 59
317 692
945 235
283 972
533 996
127 717
239 263
37 208
943 721
813 534
769 182
723 443
365 517
928 785
157 417
819 972
859 779
870 393
266 107
621 781
694 123
327 902
112 983
206 769
190 394
851 588
820 517
52 431
953 156
112 259
828 882
781 942
566 208
15 330
401 546
584 465
954 830
963 932
602 236
871 343
582 846
930 295
787 402
811 104
115 449
797 53
565 9
754 114
938 125
26 851
578 388
463 698
155 619
172 693
398 19
687 651
299 570
543 855
288 201
364 988
208 624
796 17
579 899
472 5
467 266
252 984
427 676
889 293
562 325
890 86
1000 906
729 204
574 158
428 535
1000 793
572 157
990 372
594 581
466 464
358 194
692 742
767 98
953 802
71 555
241 976
184 821
122 605
496 583
405 403
525 386
374 632
816 437
582 917
600 492
784 147
349 413
926 562
465 426
180 939
291 370
742 17
764 569
253 60
110 415
20 899
208 355
944 55
160 518
971 883
368 921
119 452
177 553
287 548
694 649
318 458
319 919
376 695
146 715
94 685
994 903
208 16
493 968
212 952
329 892
256 422
76 31
260 470
354 409
373 619
462 980
271 246
220 75
186 922
852 767
321 113
394 751
587 378
143 296
152 917
139 973
263 899
506 46
22 538
246 36
748 862
70 886
382 548
739 101
705 53
27 947
606 215
112 151
619 856
676 481
913 977
472 319
142 32
183 723
259 227
211 287
798 545
447 736
325 110
73 157
255 237
633 949
923 265
176 658
729 458
733 402
914 588
296 779
25 467
542 680
192 428
871 36
672 614
605 216
684 713
426 745
832 892
43 205
619 420
603 571
470 758
608 979
242 625
996 602
816 288
690 713
432 217
586 950
129 95
771 536
613 479
232 310
86 561
215 151
480 676
834 527
941 361
764 972
234 511
661 154
64 850
708 155
432 918
642 569
534 523
4 208
195 377
973 186
170 185
617 336
616 328
855 186
933 540
237 127
534 853
204 72
835 742
32 441
655 275
66 152
655 112
786 129
470 382
420 903
406 726
78 883
598 122
229 717
769 870
98 152
886 161
652 681
84 347
674 701
187 594
97 877
230 532
297 263
192 123
896 889
198 65
454 479
593 899
410 81
857 744
72 912
607 188
684 911
645 671
523 78
795 302
524 800
766 279
58 702
535 160
849 729
742 364
279 486
528 50
106 598
609 57
616 513
680 284
775 919
428 2
984 946
548 275
660 437
474 320
729 994
306 885
272 685
314 344
812 47
707 771
998 262
157 254
786 654
699 871
686 611
842 869
972 820
901 368
619 796
673 241
880 871
73 955
381 610
517 800
20 264
4 885
917 538
388 212
122 626
997 183
294 234
243 750
706 234
919 124
569 162
921 969
320 448
356 390
854 141
417 789
38 126
900 109
812 913
687 871
924 123
285 527
499 682
631 970
834 360
359 263
1 837
274 691
19 271
187 751
192 71
856 932
760 394
153 860
905 717
107 485
298 99
770 213
883 580
455 935
101 527
547 445
340 677
770 68
112 524
371 265
633 222
254 118
93 812
646 578
172 445
564 975
102 58
966 723
951 165
702 885
115 189
98 949
380 815
785 675
73 657
883 128
3 762
747 593
149 866
681 867
426 338
51 835
547 838
107 847
399 133
446 224
949 215
275 504
605 222
958 799
644 498
730 934
124 121
898 254
425 308
371 528
688 510
877 926
311 960
186 903
705 669
321 148
60 567
299 573
230 867
269 349
993 223
234 909
723 734
47 871
777 282
611 664
834 221
929 695
17 413
71 230
329 387
572 457
184 506
810 338
189 119
584 891
143 538
537 791
576 827
39 917
499 924
61 189
190 515
467 250
486 682
892 681
275 542
934 898
900 758
867 381
282 45
430 93
487 84
128 731
433 24
740 348
589 893
970 961
662 907
511 291
258 453
261 802
267 401
675 364
286 659
608 857
335 838
728 674
379 830
567 187
145 974
847 219
776 888
232 588
238 815
931 203
534 343
3 585
116 198
63 985
889 578
449 989
858 563
324 395
534 258
992 437
849 348
85 738
836 110
274 782
340 893
694 68
987 278
58 170
320 989
806 541
627 16
59 588
755 169
940 339
195 412
759 728
531 726
234 698
290 376
696 164
664 437
60 382
998 552
86 982
584 950
463 744
9 81
449 394
982 28
51 490
290 602
238 892
651 639
929 881
288 103
949 382
477 589
8 102
621 187
248 555
971 107
865 748
442 791
459 863
723 762
351 197
356 354
616 362
195 873
379 361
826 973
645 375
176 134
279 25
706 382
89 287
364 231
607 165
899 244
97 804
526 437
909 19
412 621
417 730
183 722
594 663
22 212
260 585
64 90
395 994
978 649
335 4
373 369
266 541
549 350
110 892
944 920
956 176
597 578
710 995
641 744
771 893
296 667
263 441
742 464
300 195
470 759
399 569
314 99
810 358
499 37
735 964
546 406
28 993
547 83
626 712
642 869
456 208
20 817
257 385
522 415
266 81
774 249
567 466
824 498
238 476
419 514
518 242
25 959
63 211
745 8
375 861
301 602
105 361
932 972
459 430
538 583
134 378
177 933
52 279
604 964
364 560
133 50
87 303
313 342
901 61
498 874
890 600
686 913
604 746
311 776
919 585
612 45
118 306
104 348
929 797
147 840
556 532
389 907
72 118
967 82
18 935
130 749
222 415
683 923
65 448
878 586
347 910
131 237
919 156
586 7
952 951
183 641
59 415
727 964
726 761
346 982
268 385
839 826
217 479
74 112
183 822
518 789
852 71
601 321
909 136
842 125
611 952
650 776
250 512
13 292
514 203
366 646
771 200
240 566
286 455
288 924
491 903
410 209
116 24
339 315
158 797
15 956
680 285
537 436
521 799
150 481
999 372
492 974
642 841
659 180
760 922
957 832
64 913
309 433
457 742
854 599
985 996
603 341
416 441
750 676
493 325
811 864
150 690
190 383
670 37
564 552
379 290
34 987
181 24
419 655
3 972
885 768
688 324
873 840
530 539
693 253
587 598
203 833
593 441
613 950
484 151
378 473
273 659
610 668
302 742
639 795
567 834
570 586
576 643
612 193
170 444
722 641
186 948
84 410
420 932
742 459
905 304
363 306
973 737
351 797
613 586
921 116
981 246
730 438
967 455
679 595
772 183
611 105
870 662
877 470
516 188
495 695
421 304
500 287
283 307
710 254
602 543
839 798
897 563
629 454
116 303
338 289
819 274
947 329
697 882
611 980
426 908
463 427
658 639
589 809
736 355
187 61
558 28
872 867
234 112
767 174
422 803
618 154
881 836
441 299
43 427
29 756
640 576
699 164
223 674
560 238
651 57
465 110
859 954
181 346
806 93
935 321
314 381
613 359
608 361
203 527
220 615
65 546
871 884
251 795
677 875
513 986
975 870
640 538
593 421
869 304
856 625
693 66
105 48
878 454
881 482
256 587
460 235
616 81
657 529
74 613
222 309
593 327
833 240
246 431
598 48
856 655
32 81
878 288
520 486
8 218
66 880
529 360
948 342
255 260
567 401
956 873
24 42
725 36
726 839
678 188
771 362
520 196
403 968
723 575
406 505
597 986
501 53
999 794
701 908
60 116
832 197
519 18
88 373
16 498
305 681
952 734
681 480
810 516
889 5
728 901
767 108
35 319
823 270
257 873
650 960
888 331
615 936
619 45
656 49
766 300
657 264
514 179
789 507
840 208
119 898
559 737
762 479
289 553
491 591
641 128
408 137
814 785
327 541
585 463
876 698
806 929
689 42
188 724
263 138
253 681
196 191
767 928
762 4
9 404
548 468
533 73
405 966
431 954
567 382
755 198
976 233
115 295
337 801
212 843
393 23
391 516
142 698
290 377
848 435
646 250
644 492
890 868
302 828
896 856
621 674
735 430
61 683
817 761
325 758
697 419
806 335
426 164
246 280
891 85
929 880
986 835
569 217
312 878
223 120
208 719
808 526
386 700
578 136
448 493
526 152
984 207
930 781
848 910
813 916
265 634
430 412
959 763
535 53
892 718
753 656
573 101
28 574
642 318
922 990
5 794
267 662
121 143
31 798
241 672
510 59
357 631
957 744
64 377
407 523
340 734
894 157
189 446
221 823
444 524
139 198
568 808
842 395
805 517
22 273
77 811
618 524
527 330
915 726
770 303
286 21
314 794
180 39
315 743
635 746
742 130
375 943
727 314
640 254
522 422
539 992
24 83
975 568
263 396
985 568
181 3
773 463
975 937
669 238
707 71
301 746
80 147
694 835
303 380
551 206
310 600
960 889
778 422
797 74
782 422
582 916
132 255
694 621
717 772
136 73
750 180
972 214
666 857
829 315
687 845
763 59
393 463
179 474
458 175
991 91
169 16
62 293
1000 550
821 568
166 327
486 736
527 842
197 339
678 226
883 844
344 361
923 201
887 696
84 59
639 267
71 463
148 728
535 476
792 976
174 44
602 939
516 511
24 981
192 283
358 136
947 413
828 424
813 444
444 417
141 511
399 751
257 194
461 866
633 177
707 598
376 198
604 502
987 486
590 769
77 338
81 791
745 312
395 461
571 84
185 785
408 112
561 158
140 543
932 515
738 878
263 355
466 621
396 832
91 120
20 52
42 684
356 76
581 629
839 91
894 708
843 594
399 208
171 81
177 960
825 44
312 89
69 534
367 957
575 248
933 328
850 553
621 362
190 405
19 208
200 654
717 855
4 774
593 629
557 686
337 523
673 465
213 392
964 101
769 934
424 657
406 513
62 231
48 849
105 640
881 39
75 104
136 500
669 822
73 604
911 873
148 896
596 429
140 443
213 859
938 750
805 424
501 80
545 618
297 254
931 529
795 494
529 62
343 994
490 338
162 97
136 560
637 986
122 377
675 741
718 517
610 402
443 57
830 695
926 566
249 890
110 890
992 222
870 211
376 115
339 361
893 658
179 656
353 645
617 688
500 988
375 704
271 517
272 493
20 891
206 106
978 3
5 431
211 656
487 831
915 526
111 939
242 774
703 663
44 16
584 229
800 449
769 85
572 542
508 82
703 740
10 19
177 514
614 699
641 147
327 528
850 744
807 288
993 672
479 981
228 171
637 209
431 534
608 473
661 321
901 338
43 118
225 911
793 434
891 362
515 905
215 812
660 911
55 967
574 845
643 692
8 509
338 924
247 236
711 349
344 309
735 363
536 947
277 975
42 196
246 428
619 706
48 893
514 810
252 757
92 834
18 93
682 500
866 377
47 154
198 338
400 293
328 551
611 55
313 728
353 283
722 900
818 839
840 787
783 391
257 733
598 595
843 361
990 232
370 977
683 640
895 85
532 987
558 863
541 659
260 273
970 975
438 809
974 911
219 954
444 617
463 319
709 51
987 433
235 436
310 332
923 765
673 642
374 793
233 155
785 764
56 764
555 738
685 91
586 992
220 294
25 816
924 676
959 219
996 278
427 21
48 334
68 769
877 533
829 850
647 449
835 33
651 698
105 284
837 979
548 666
532 7
369 407
522 61
464 429
251 919
17 563
802 468
535 785
316 617
827 195
446 508
610 581
76 105
369 241
351 33
469 119
502 951
428 814
256 711
62 191
818 521
969 216
240 241
369 979
740 294
801 430
549 792
178 975
257 648
195 567
585 588
575 804
914 278
438 632
123 223
156 96
923 236
726 723
588 720
64 92
516 717
249 976
70 166
940 568
559 422
762 286
177 172
508 730
978 60
957 743
210 940
373 480
56 565
529 800
295 613
331 820
181 392
723 22
997 667
301 148
853 935
770 375
370 441
331 901
210 206
599 552
871 775
728 559
150 586
353 574
15 632
882 431
318 651
138 21
949 875
822 235
881 621
110 297
638 835
676 612
200 437
493 240
134 376
262 845
854 299
638 722
588 451
989 796
63 435
545 400
711 519
638 573
18 368
94 543
494 277
262 623
360 857
553 526
368 324
999 665
967 191
424 325
173 694
985 234
601 139
888 444
165 82
799 751
83 569
464 981
66 953
216 86
536 649
135 655
796 203
451 842
312 636
948 446
911 554
313 897
637 836
451 731
382 801
827 916
213 793
60 61
890 963
801 773
362 181
35 361
131 794
171 857
154 89
597 755
653 129
729 555
838 135
514 201
220 170
93 84
455 845
538 195
650 921
188 968
300 786
232 744
230 87
549 449
805 599
42 873
439 249
921 106
963 120
262 338
193 791
529 925
750 58
36 379
258 685
595 236
79 263
101 347
158 914
253 112
224 890
613 496
261 427
353 602
71 257
105 41
626 637
862 837
974 387
833 829
409 585
769 505
879 2
152 485
379 292
454 694
829 922
132 446
854 311
822 973
237 207
422 419
26 968
868 119
393 191
161 331
15 16
734 920
494 305
705 694
942 837
29 372
173 268
416 103
539 883
70 187
130 941
421 250
43 696
709 855
89 10
566 564
19 307
350 163
117 732
902 522
818 721
800 76
617 171
610 879
648 16
960 258
134 819
784 592
473 901
628 895
614 830
857 815
676 469
891 379
919 19
387 482
118 984
72 544
92 675
164 16
741 175
968 544
639 191
16 39
990 303
404 982
46 391
512 775
875 989
1 262
755 515
37 576
975 14
256 428
318 775
923 611
832 934
231 782
932 499
22 367
784 314
825 546
720 696
591 207
148 160
152 35
408 77
451 17
717 849
651 904
569 263
328 691
367 242
280 310
498 206
983 452
660 25
341 162
578 766
775 440
981 739
907 704
506 709
789 748
269 539
591 688
389 158
318 12
947 604
893 424
87 465
949 502
200 683
221 863
55 887
756 992
540 725
906 411
178 562
971 243
592 236
41 378
48 894
844 84
857 105
105 780
901 773
919 337
977 704
49 513
467 270
325 852
899 157
644 998
939 652
652 451
959 705
676 319
691 31
624 10
567 147
259 139
64 113
378 657
514 367
550 967
793 732
904 579
743 352
379 981
748 314
549 167
608 749
363 410
439 3
461 711
729 611
69 2
900 934
558 62
299 841
175 746
237 240
35 31
148 358
318 946
339 501
965 361
612 914
993 880
243 81
903 39
120 260
102 948
783 221
175 968
828 550
940 40
464 241
138 126
574 660
567 459
440 378
978 228
269 347
64 842
612 327
816 836
122 727
289 196
308 160
459 276
601 611
363 688
187 537
96 697
833 432
947 696
485 601
568 195
808 722
806 333
755 407
169 792
343 820
147 513
437 535
4 110
481 655
930 664
740 295
909 302
565 444
491 451
934 195
683 961
984 64
641 801
179 158
19 585
500 290
445 383
361 636
931 552
658 143
348 878
540 364
245 18
27 835
981 398
54 568
40 470
519 998
960 135
287 468
33 883
422 702
943 55
813 342
403 984
615 974
598 760
522 216
306 408
469 828
383 127
793 986
214 926
979 547
131 620
228 552
779 424
488 821
959 416
606 561
883 204
738 729
707 922
855 370
367 84
618 498
867 329
39 214
167 925
613 189
120 510
998 489
323 163
507 462
894 686
16 713
972 780
699 972
169 713
367 810
595 956
119 341
671 418
199 665
551 200
82 985
835 173
85 342
341 828
797 499
915 5
455 196
955 772
777 228
562 882
912 781
489 890
701 413
369 156
835 459
857 135
549 729
696 3
850 492
400 479
950 827
260 891
579 607
429 604
395 724
145 45
255 478
682 348
773 675
944 875
856 103
714 845
986 758
990 22
350 369
300 606
961 828
28 493
526 404
541 868
797 415
572 374
634 407
486 960
839 964
533 745
828 59
701 803
760 481
490 30
245 264
170 119
989 50
918 159
336 583
832 860
119 836
818 291
435 849
185 934
514 205
851 345
175 787
876 764
152 763
827 448
916 307
337 60
341 668
202 814
996 344
162 144
163 601
604 820
697 142
555 344
481 779
298 963
494 327
869 281
160 159
713 869
56 96
954 633
994 570
276 621
740 10
423 974
100 169
82 844
670 341
830 31
445 227
969 798
104 443
22 599
796 10
501 316
982 293
547 217
899 787
991 441
848 953
351 798
670 646
855 670
344 232
18 793
292 328
937 117
847 207
249 173
69 378
841 401
515 848
809 179
574 461
499 565
151 388
581 479
620 123
364 441
511 186
518 736
957 332
857 712
336 764
92 339
917 271
738 349
704 85
482 543
581 241
448 915
177 235
822 741
629 229
261 859
398 185
343 691
625 838
954 276
888 16
799 108
271 519
566 764
793 3
300 21
655 685
418 72
194 931
453 706
238 296
724 707
410 791
237 293
259 882
349 770
725 907
121 995
358 976
198 773
933 766
664 93
882 844
929 15
490 638
863 642
204 61
165 99
997 328
856 628
394 613
511 548
299 672
229 559
399 458
89 244
517 34
331 19
955 957
613 649
924 36
872 663
448 388
309 435
142 136
662 579
403 604
353 281
691 497
839 217
308 551
556 148
421 320
5 513
268 501
311 338
990 238
813 591
814 344
106 981
644 767
439 493
304 432
233 494
452 776
699 281
292 209
793 844
25 506
957 705
997 532
184 520
72 827
969 51
831 669
814 933
887 817
637 734
301 522
175 757
894 247
715 992
738 579
121 579
563 532
271 539
201 507
399 346
154 547
910 838
641 467
662 663
243 193
525 577
431 982
569 689
988 829
807 347
742 884
599 981
90 199
146 693
882 363
848 295
134 146
321 441
600 988
109 314
648 542
298 923
925 46
428 522
986 44
159 650
436 13
665 529
208 932
708 977
392 378
789 624
450 784
469 52
252 676
193 50
946 464
104 499
606 446
939 461
482 16
999 597
291 618
238 717
403 880
936 484
934 851
123 524
37 340
495 744
97 169
762 173
253 344
417 802
163 258
491 881
476 203
684 928
866 863
135 984
541 885
231 115
767 13
399 871
970 993
440 876
607 468
679 971
115 938
334 328
281 124
746 776
110 755
3 276
422 799
651 279
444 527
908 446
124 539
456 69
224 993
836 168
784 259
751 479
884 188
707 925
524 381
67 506
803 398
896 252
536 275
276 22
209 29
11 227
471 501
493 349
848 372
99 570
444 947
362 580
716 699
739 746
722 484
336 55
393 48
911 99
437 295
829 997
385 692
540 722
113 948
938 175
298 14
674 869
568 224
735 284
282 570
412 393
804 923
273 981
773 896
449 180
209 633
142 209
398 895
91 763
221 680
648 118
249 295
175 11
378 901
765 887
342 552
236 107
292 909
999 974
142 499
199 774
849 929
611 222
596 362
192 112
781 232
978 92
153 843
597 272
925 777
50 197
355 157
35 363
550 702
860 99
321 29
336 937
962 917
432 412
548 58
417 552
794 486
462 8
524 3
802 957
22 600
524 146
525 679
379 619
430 597
478 929
957 168
871 954
430 708
293 792
870 385
391 683
103 669
953 138
384 923
684 238
647 506
815 884
747 662
807 240
898 652
973 200
632 950
807 653
977 141
6 401
681 993
768 160
255 808
181 917
733 712
119 169
674 790
530 897
94 505
481 980
854 23
623 350
94 392
425 253
84 422
263 945
378 199
285 921
435 52
18 116
124 277
342 965
9 761
387 198
669 676
69 488
680 643
992 661
420 134
814 423
687 64
909 454
78 468
631 743
779 934
429 865
726 537
714 241
917 572
420 100
315 134
210 848
283 676
892 864
382 210
311 242
699 365
662 83
68 340
569 841
803 291
23 540
427 767
525 36
219 440
779 499
254 853
9 621
901 556
980 711
12 625
106 340
824 599
327 636
519 2
703 737
464 166
120 456
945 681
382 410
867 894
733 522
831 141
601 660
319 121
722 266
697 169
309 179
170 991
39 110
406 855
688 356
397 560
420 663
147 57
904 348
907 595
397 641
716 417
165 421
613 807
377 711
240 377
882 776
464 523
640 660
81 456
777 285
961 40
635 49
908 625
565 422
942 479
917 781
75 230
424 430
460 596
286 820
861 928
516 13
529 202
597 998
778 768
838 400
630 22
334 595
225 447
619 771
50 58
783 678
847 275
903 605
406 223
27 790
361 672
268 212
75 546
552 90
391 158
233 382
35 176
790 32
495 794
904 562
704 289
387 527
465 275
174 325
267 485
141 516
453 498
591 60
223 893
663 752
405 224
176 40
379 531
971 887
833 842
707 817
28 759
833 763
9 489
962 385
138 207
802 54
803 755
925 188
161 23
412 25
574 669
830 363
483 156
156 366
341 806
694 746
899 686
288 897
836 964
19 658
967 839
750 45
881 386
298 186
202 715
363 464
15 251
18 45
169 884
354 245
762 758
502 37
982 499
524 12
293 757
491 453
810 307
518 512
23 418
193 339
250 164
514 559
677 161
553 467
832 182
279 133
373 90
193 460
486 843
359 475
107 130
539 504
339 87
504 276
396 54
608 540
625 594
649 674
101 753
67 929
547 491
371 343
153 136
944 653
926 525
432 497
229 686
827 216
188 918
228 213
177 387
932 309
785 758
202 598
422 879
738 612
927 230
684 485
279 815
929 394
732 505
162 444
963 360
902 455
211 655
613 418
6 784
436 437
494 79
224 703
632 300
831 372
134 236
962 762
730 889
397 918
915 809
275 454
710 762
171 105
671 428
929 69
432 539
52 284
219 357
241 237
703 31
831 42
374 335
85 340
674 243
190 764
706 128
542 298
895 756
307 887
574 923
578 454
293 409
496 27
722 809
83 589
503 504
164 394
570 661
173 708
51 24
382 586
221 728
442 679
761 323
860 151
109 975
420 242
701 95
135 654
282 255
709 692
583 159
74 125
115 619
518 782
888 681
101 644
942 458
301 322
481 818
748 493
714 45
128 664
261 276
700 8
594 519
233 898
836 600
172 881
537 669
315 91
908 460
72 884
71 894
61 199
107 543
793 948
791 385
975 420
478 644
615 125
239 345
665 114
903 216
337 161
432 251
965 303
988 755
271 594
668 398
132 756
833 897
319 358
357 63
485 74
103 527
56 550
918 622
885 745
914 433
346 179
988 742
347 150
591 443
738 989
902 50
25 926
300 571
526 766
726 443
593 35
993 767
868 995
393 83
46 890
473 349
879 131
95 818
960 857
172 569
825 161
700 795
652 918
263 803
368 355
497 321
413 453
400 430
308 303
913 879
754 299
458 380
812 911
138 682
239 65
571 384
911 885
625 222
635 389
623 684
203 273
22 951
648 482
631 881
293 268
13 16
412 166
126 619
101 855
338 395
741 775
339 15
729 411
801 806
509 323
741 872
500 58
965 80
310 904
805 999
185 742
628 318
315 103
82 166
174 302
474 631
805 584
534 30
296 600
426 683
888 18
716 824
309 766
25 175
262 204
335 910
197 937
436 759
958 178
584 233
323 95
966 290
362 763
862 804
756 303
225 673
501 952
999 107
345 420
72 300
533 417
989 703
612 686
43 221
894 740
623 46
57 73
868 903
940 500
906 164
636 427
401 436
630 649
920 888
997 374
502 828
449 416
101 387
307 830
787 8
475 628
351 457
637 505
890 413
655 1
307 175
787 121
990 656
717 968
795 898
812 988
360 547
87 560
288 948
958 349
355 232
953 754
985 161
861 526
308 690
661 882
574 141
7 404
190 698
820 277
696 283
736 728
147 613
125 686
265 978
201 812
184 734
870 518
178 452
568 580
182 516
697 800
40 509
421 672
225 39
500 239
197 73
235 138
328 312
418 797
693 809
250 581
664 545
166 847
318 806
652 2
785 615
400 643
758 516
524 196
656 468
729 770
382 312
55 498
607 801
205 310
261 607
244 313
86 556
893 916
695 130
275 719
654 820
7 252
798 153
233 953
585 300
755 92
846 133
958 963
689 382
194 820
176 279
103 676
827 473
626 787
738 901
759 749
704 797
628 109
674 125
555 162
494 146
540 534
812 275
831 49
48 672
270 227
809 531
721 207
761 874
522 904
393 244
910 307
288 349
536 868
220 789
226 854
658 331
180 187
610 560
131 473
905 226
29 426
571 967
274 467
301 86
326 478
134 879
292 307
203 328
5 722
944 834
840 819
343 832
903 674
856 61
430 16
468 195
749 718
595 973
1 446
700 502
779 993
248 301
46 224
451 624
32 574
586 509
257 991
554 607
5 773
814 229
391 364
323 586
330 398
24 621
852 271
586 290
139 364
725 151
719 89
155 824
191 815
196 506
89 846
110 608
187 233
335 977
845 932
759 802
157 354
694 139
897 171
371 914
945 871
570 124
110 301
133 794
483 477
835 112
471 356
220 548
975 948
544 526
281 728
674 129
695 565
399 104
94 624
612 501
246 607
52 140
289 342
954 608
425 374
722 516
597 488
100 176
310 907
565 74
108 747
273 826
610 613
701 410
539 547
248 798
959 838
986 800
866 330
60 501
5 276
616 317
669 813
818 553
378 16
360 635
752 301
271 497
807 739
574 250
387 236
127 268
992 651
22 936
960 425
154 272
83 682
726 640
785 82
198 41
780 498
559 96
317 853
641 947
607 276
596 219
154 50
525 225
563 914
265 891
430 159
583 303
107 510
435 519
580 567
232 861
823 333
185 713
689 873
125 567
644 61
650 532
137 959
15 954
822 318
509 113
93 882
629 800
866 562
660 444
861 333
183 353
974 20
116 772
832 637
873 391
447 444
275 387
695 653
822 88
401 796
552 620
536 61
8 906
834 618
172 133
801 530
507 382
34 98
290 472
169 967
223 618
632 329
561 883
466 761
431 633
324 751
843 585
114 7
351 310
858 134
87 344
128 257
111 342
132 329
133 16
29 223
388 76
740 53
542 263
30 571
566 409
826 570
942 952
190 957
891 16
141 813
288 165
273 951
558 648
725 409
104 461
278 435
69 470
87 781
542 517
174 883
526 452
754 669
424 210
62 548
585 921
594 601
809 829
704 57
615 813
192 205
283 678
469 671
163 476
718 526
260 670
980 269
503 944
534 172
662 81
686 91
743 94
121 315
672 933
701 274
625 891
935 904
737 129
318 922
709 235
672 861
586 870
776 978
94 255
760 956
387 832
45 356
410 739
664 130
759 251
774 187
78 212
116 911
158 172
786 749
713 603
826 154
167 934
637 236
164 428
638 671
901 349
206 555
816 811
564 441
160 847
786 911
277 651
311 936
627 347
114 442
521 330
406 964
857 290
232 343
938 101
890 410
872 225
126 968
473 90
310 446
725 460
835 388
69 680
606 449
795 818
8 192
530 109
265 759
144 896
952 791
184 385
540 102
100 573
800 219
505 75
254 949
37 44
984 23
308 977
666 303
848 710
891 632
230 305
305 974
396 483
73 122
576 776
59 187
928 742
957 734
462 164
863 419
897 819
275 899
912 309
408 352
546 538
542 155
324 220
244 395
672 816
789 231
423 361
480 289
979 713
656 356
976 961
874 526
669 482
814 757
677 983
968 165
508 230
257 344
276 236
426 305
155 789
689 381
319 14
547 875
402 710
760 694
962 270
94 661
864 596
981 643
173 939
119 147
105 545
256 557
260 551
354 256
192 683
816 565
502 904
458 290
608 520
752 258
861 736
455 403
113 376
523 783
322 452
394 969
95 764
666 609
169 79
689 640
905 451
602 703
695 48
957 431
559 79
47 411
877 408
169 605
734 35
265 47
403 859
377 142
362 346
623 965
883 660
439 498
832 86
748 282
306 261
792 307
59 199
853 561
582 145
50 830
932 416
37 516
663 304
79 185
524 823
505 524
380 648
393 633
196 10
253 103
73 705
515 502
115 122
405 770
244 286
450 493
347 31
292 692
684 118
730 724
413 136
162 136
578 512
688 192
356 86
931 420
685 749
357 332
20 380
186 612
33 255
350 942
498 869
782 347
450 960
549 628
894 799
282 569
493 815
186 809
156 897
194 332
881 70
952 864
401 46
60 357
334 892
743 736
916 579
356 712
50 271
748 186
655 286
986 579
198 409
199 882
348 552
350 490
922 747
486 666
204 667
136 753
101 817
766 573
676 269
955 104
418 525
914 390
258 98
611 848
443 930
796 998
874 386
970 945
679 795
480 173
76 983
224 162
36 566
727 656
129 401
557 869
985 11
84 517
620 983
508 473
132 871
370 470
614 189
818 430
71 926
936 573
901 565
261 406
284 985
431 794
124 280
819 872
418 147
111 2
519 440
6 106
815 896
372 478
390 213
104 852
342 306
876 926
919 934
924 536
1000 174
355 287
643 928
114 4
320 651
997 207
18 318
988 518
69 533
850 547
250 913
7 634
247 401
655 190
913 183
610 663
863 315
138 630
820 110
623 347
915 402
57 291
754 574
666 788
846 702
463 606
283 204
29 480
342 873
138 91
156 997
877 647
438 687
41 35
504 899
856 472
985 244
783 425
616 568
725 250
174 880
577 37
514 533
41 221
579 329
268 92
202 424
274 589
295 885
200 337
794 180
136 121
732 968
269 838
628 939
447 543
1 281
866 757
577 590
598 804
110 317
589 691
314 947
386 452
153 503
362 967
698 797
326 682
392 744
465 470
103 476
534 382
516 797
594 45
542 789
184 718
565 604
620 729
436 864
629 549
25 975
869 246
392 454
979 522
963 113
780 617
285 389
824 457
947 196
426 237
318 471
46 806
930 205
234 590
181 69
481 811
206 552
670 155
985 747
710 239
521 329
65 837
489 933
313 407
186 911
316 562
173 983
997 453
156 43
138 618
164 750
192 767
299 565
856 662
85 108
531 126
236 136
735 230
98 233
596 600
217 205
92 975
938 667
611 61
577 125
22 462
279 310
198 691
7 973
679 620
255 806
465 852
14 757
957 377
774 943
792 927
628 694
761 234
779 967
156 542
793 261
500 233
233 466
309 909
36 75
22 34
741 906
742 349
300 832
653 196
361 310
783 833
932 397
698 635
777 211
515 268
258 767
466 890
968 456
567 32
842 481
491 725
112 782
578 795
477 212
228 896
452 200
950 91
163 823
837 239
722 365
669 402
988 235
256 145
699 935
9 103
584 485
240 579
811 62
830 366
446 23
873 777
466 362
34 653
754 60
310 742
276 946
632 608
597 466
579 187
764 101
415 893
19 144
884 913
844 413
955 876
372 970
69 762
820 38
604 653
623 403
556 552
27 282
924 4
673 268
288 238
843 92
327 199
610 929
627 965
166 195
469 902
922 613
959 514
835 68
430 308
804 577
164 480
516 93
166 338
904 951
196 913
16 311
14 294
614 763
951 688
903 557
795 428
830 158
675 722
164 85
365 852
645 674
606 505
26 18
233 462
150 452
326 833
771 212
884 875
956 328
957 737
779 705
879 560
870 307
438 190
884 922
871 172
289 718
275 527
438 41
422 866
908 265
33 705
987 256
685 953
410 681
508 148
686 477
2 711
108 801
853 107
42 691
449 723
555 371
243 511
685 748
545 313
105 482
432 542
622 313
360 342
174 723
167 254
376 902
229 897
820 228
436 237
294 199
530 27
673 462
325 864
881 214
402 92
938 58
354 293
635 156
958 576
401 156
293 390
477 681
367 757
761 614
388 430
481 657
619 640
222 63
89 635
725 116
670 687
361 801
269 238
628 865
153 557
140 285
587 204
364 195
973 983
513 457
117 405
908 794
835 778
13 122
35 414
438 969
754 710
793 750
481 106
561 358
287 252
254 353
257 825
496 553
481 219
378 581
876 324
788 934
220 160
150 159
478 760
82 193
118 515
586 241
842 327
111 702
21 162
704 364
483 462
90 583
629 814
956 434
940 975
784 355
372 424
979 640
447 446
621 799
340 846
586 546
661 84
419 601
100 274
779 169
599 808
447 15
513 69
253 364
518 214
756 325
885 871
869 34
851 555
122 665
