20840.8743501
4570.61960507
4685.64654507
4698.67818507
4848.70987507
4854.77929507
4951.83205507
4977.75246507
5064.91611507
5090.83652507
5193.01107507
5203.92058507
5260.94204507
5324.05156507
5361.98972507
5459.04248507
5461.11047507
5574.19453507
5622.10581507
5721.26294507
5759.16472507
5836.28988507
5856.21748507
5937.33756507
5971.24442507
6038.38524507
6070.31283507
6175.44415507
6201.35332507
6288.52821507
6338.41223507
6439.45991507
6451.59154507
6538.52832507
6565.63447507
6653.55526507
6666.68215507
6710.57672507
6781.70909507
6823.66078507
6912.74958507
6926.66997507
7009.80234507
7063.72888507
7123.84527507
7177.77181507
7194.88238507
7280.78100507
7293.95079507
7350.97225507
7427.84941507
7479.03083507
7574.91782507
7580.07851507
7651.11562507
7737.98115507
7798.18403507
7851.06521507
7911.26809507
7982.10570507
8024.35215507
8125.39983507
8129.17411507
8230.22179507
8281.50094507
8377.29020507
8384.51013507
8506.33279507
8531.57854507
8632.62622507
8692.41210507
8729.67898507
8848.51321507
8858.72157507
8915.74303507
8976.60817507
9044.78562507
9162.68748507
9172.88058507
9243.91769507
9276.73041507
9372.96028507
9389.81447507
9460.85158507
9470.01304507
9559.91999507
9607.07195507
9673.00405507
9678.10906507
9829.10516507
9834.21017507
9900.14227507
9948.25310507
10014.1852051
10061.3371651
10085.2223151
10174.4212251
10186.2699951
10317.3104851
10337.4845551
10503.3897951
10523.5638651
10654.6043551
10666.4531251
10755.6520351
10779.5371851
10826.6891451
10892.6212451
10940.7320751
11006.6641751
11011.7691851
11162.7652851
11167.8702951
11233.8023951
11280.9543551
11370.8613051
11380.0227651
11451.0598751
11467.9140651
11564.1439351
11596.9566551
11667.9937651
11678.1868651
11796.0887251
11864.2661751
11925.1313151
11982.1527751
11992.3611351
12111.1953651
12148.4622451
12208.2481251
12309.2958051
12334.5415551
12456.3642151
12463.5841451
12559.3734051
12610.6525551
12711.7002351
12715.4745151
12816.5221951
12858.7686451
12929.6062551
12989.8091351
13042.6903151
13102.8931951
13189.7587251
13260.7958351
13265.9565251
13361.8435151
13413.0249351
13489.9020951
13546.9235551
13560.0933451
13645.9919651
13663.1025351
13717.0290751
13777.1454651
13831.0720051
13914.2043751
13928.1247651
14017.2135651
14059.1652551
14130.2976251
14174.1921951
14187.3190851
14275.2398751
14302.3460251
14389.2828051
14401.4144351
14502.4621151
14552.3461351
14639.5210251
14665.4301951
14770.5615151
14802.4891051
14869.6299251
14903.5367851
14984.6568651
15004.5844651
15081.7096251
15119.6114051
15218.7685351
15266.6798151
15379.7638751
15381.8318651
15478.8846251
15516.8227851
15579.9323051
15636.9537651
15647.8632751
15750.0378251
15775.9582351
15863.1218851
15889.0422951
15986.0950551
15992.1644751
16142.1961651
16155.2278051
16270.2547451
