928 988
444 703
609 726
683 581
648 587
320 652
658 432
836 247
130 744
448 63
401 909
412 625
692 110
187 438
558 656
233 152
133 714
123 725
449 749
553 656
369 579
106 763
454 581
825 436
670 350
416 681
370 840
578 731
285 48
429 39
103 896
709 549
557 824
852 568
573 638
86 527
762 835
392 3
603 816
793 480
497 436
897 124
632 342
898 431
904 678
731 739
927 540
111 795
887 101
360 781
652 717
487 685
889 301
11 916
688 175
400 788
784 49
630 20
358 577
434 758
277 858
530 300
876 123
659 637
253 382
757 508
735 816
580 16
832 241
11 279
311 629
347 4
125 728
565 294
446 697
770 718
493 45
370 823
386 48
77 127
616 258
589 312
143 517
367 15
880 737
898 448
275 98
873 671
747 472
498 320
593 868
481 671
538 789
872 800
722 611
5 320
213 635
704 217
322 898
536 90
732 451
360 468
550 564
498 797
274 774
770 899
382 432
356 131
443 133
424 817
41 197
127 638
414 551
793 28
468 268
650 292
897 101
24 177
480 398
537 408
810 198
591 512
627 869
643 648
759 845
596 476
707 764
663 786
32 639
55 385
107 536
571 799
473 60
861 123
260 842
436 442
644 819
814 510
570 672
920 794
599 546
183 9
552 606
685 786
352 351
440 182
281 136
753 891
578 645
633 508
318 550
157 662
439 208
71 314
683 488
317 905
125 191
311 682
791 855
861 416
108 325
216 515
69 111
692 776
812 221
516 418
210 139
883 843
476 435
491 891
800 827
757 634
371 486
718 542
882 270
799 15
897 900
548 730
432 820
272 761
601 725
757 882
269 788
731 541
403 232
736 27
330 299
816 298
178 121
319 457
864 654
8 458
276 765
51 300
832 95
448 483
160 701
805 712
189 116
130 508
97 248
869 551
762 657
259 630
577 747
767 484
25 773
227 788
219 525
765 662
8 849
82 255
543 544
616 186
819 853
162 679
6 384
78 528
672 102
32 601
510 773
527 341
427 28
799 895
483 319
642 188
917 736
626 507
395 719
3 570
229 98
367 913
913 584
889 43
829 18
533 702
178 815
928 717
121 108
67 661
213 9
848 635
681 11
92 846
118 125
130 408
71 541
26 448
191 749
461 95
758 852
375 49
527 436
593 832
503 375
404 871
722 371
482 313
99 426
141 512
284 248
218 856
653 183
276 787
802 329
570 416
654 761
596 808
812 761
338 657
818 647
243 751
660 391
97 883
38 397
459 277
15 787
111 421
1 793
377 863
781 25
87 232
545 664
495 833
14 513
381 215
783 39
738 367
881 397
263 637
90 656
219 154
718 754
599 287
109 120
303 889
507 435
514 621
174 650
286 272
368 847
413 921
228 511
221 442
42 682
406 547
506 23
377 901
733 287
68 192
551 179
197 175
882 321
665 532
393 703
243 512
611 398
272 620
241 168
644 683
855 912
33 413
454 476
198 362
303 320
44 165
325 218
740 923
746 823
128 643
541 591
822 736
257 404
285 411
757 78
693 286
90 245
171 421
59 911
183 861
303 287
902 131
95 301
174 128
164 632
533 294
174 852
800 259
583 8
507 355
845 331
113 597
93 284
460 628
887 319
354 319
105 735
43 707
467 856
251 709
112 67
14 329
891 45
710 175
569 311
181 756
161 630
629 277
349 543
66 331
824 195
222 408
87 163
469 740
788 134
75 46
854 833
311 429
342 703
597 728
150 707
349 145
770 326
630 877
927 777
434 581
674 94
797 106
841 160
879 139
752 352
135 223
928 382
229 870
671 725
812 681
100 544
111 219
100 455
915 380
183 579
253 585
510 553
418 340
863 554
418 918
441 820
635 353
391 619
385 575
70 265
419 3
748 546
688 297
643 151
328 469
21 808
493 652
244 843
199 170
375 838
412 135
253 363
52 795
861 198
777 653
184 768
135 79
824 871
590 126
255 659
126 674
823 311
658 892
174 501
271 905
36 373
464 213
56 576
589 53
452 172
885 591
855 223
56 678
659 178
885 305
369 35
516 162
361 370
897 413
121 296
189 175
412 550
397 747
7 558
408 872
367 311
666 705
804 718
344 751
126 36
397 622
804 375
139 707
175 228
175 531
406 650
297 838
878 488
61 70
135 782
314 302
707 630
462 670
199 440
513 752
418 541
80 386
782 684
264 114
394 897
19 90
885 407
8 816
404 204
77 610
865 364
217 260
749 49
63 4
248 741
789 771
360 265
406 859
25 622
591 167
918 198
498 255
400 620
151 568
305 516
890 15
306 352
8 419
811 529
521 708
416 756
254 35
277 353
567 566
677 205
186 195
328 767
112 705
163 786
79 263
696 863
69 599
684 41
693 89
584 846
760 19
253 391
1 854
645 409
61 410
298 783
647 509
636 774
76 132
530 159
319 323
653 148
615 605
787 683
424 24
636 536
331 560
586 293
280 445
136 660
600 529
267 319
149 491
324 497
264 899
370 506
575 347
211 545
62 345
121 503
147 265
551 385
733 340
552 704
484 840
353 708
876 456
477 150
225 26
311 114
454 592
323 787
422 617
636 60
470 413
138 424
469 289
205 474
52 11
307 261
306 550
200 61
404 806
405 876
217 879
572 717
762 688
399 462
402 542
508 601
792 287
826 536
634 624
578 142
93 840
921 895
283 921
55 745
588 50
439 548
796 430
634 689
521 127
52 69
370 661
844 317
207 912
767 895
720 39
876 194
373 122
753 521
824 252
122 733
213 61
551 498
273 769
109 892
745 210
576 36
601 738
823 696
609 756
303 725
508 735
926 58
799 779
435 595
642 40
409 511
299 163
503 418
424 244
541 567
239 583
513 732
851 365
829 494
566 252
310 117
627 565
473 797
259 194
31 75
767 691
181 60
474 490
511 848
346 405
135 356
336 758
824 131
174 608
66 453
446 626
83 788
476 664
263 236
704 829
869 172
324 494
167 665
725 318
383 251
75 705
922 576
21 166
890 592
170 438
568 265
691 95
122 539
891 923
314 577
224 116
520 712
106 550
843 832
400 153
607 525
537 908
117 619
180 421
739 743
517 840
354 362
455 360
802 625
488 4
75 650
297 328
580 616
158 727
33 465
827 141
469 714
222 304
477 387
590 835
723 471
541 93
235 588
292 254
865 281
293 528
156 848
281 517
472 763
718 774
166 141
177 727
46 131
311 539
485 915
722 244
142 93
279 420
463 443
373 145
688 37
278 205
677 363
230 254
405 733
477 928
910 488
361 784
845 488
693 262
522 534
728 319
861 877
64 342
389 670
581 746
912 874
773 816
660 159
476 832
895 175
419 850
712 680
470 540
255 419
2 602
493 927
228 427
464 202
503 243
66 666
141 504
718 484
761 56
363 766
207 298
151 469
113 836
535 152
885 587
204 599
637 591
580 96
664 414
607 104
505 710
35 245
407 340
444 302
802 696
9 120
766 178
896 226
882 306
242 106
329 667
238 805
555 791
315 540
566 430
581 654
166 761
142 925
56 252
327 317
848 653
11 326
30 303
77 232
141 280
40 76
61 330
892 675
543 881
269 131
901 692
768 702
551 258
149 81
456 389
676 107
612 648
814 447
466 34
877 366
849 893
252 464
498 644
24 36
640 81
370 818
211 215
343 690
636 403
679 63
213 334
45 332
495 379
458 787
129 37
375 46
453 15
446 325
77 222
776 59
586 822
316 101
385 169
382 129
756 876
306 291
538 289
54 8
840 736
834 267
703 719
192 428
502 841
384 752
626 28
540 397
420 596
879 815
167 457
39 110
150 408
216 732
483 352
393 72
88 624
403 862
332 210
152 163
25 661
137 161
506 526
492 115
459 200
506 446
775 732
238 303
895 129
897 414
784 177
705 920
157 543
71 288
96 858
233 21
31 366
510 322
196 71
406 878
680 819
667 452
430 643
498 134
22 526
147 395
767 454
497 699
479 667
557 572
465 256
200 724
670 540
500 60
843 276
334 544
884 5
458 541
762 832
925 176
760 916
553 589
861 412
211 41
55 754
30 782
817 362
508 777
304 436
426 524
212 171
309 62
195 208
293 468
494 122
236 337
475 127
169 626
155 287
601 835
526 375
625 273
919 370
513 287
164 583
916 388
133 408
159 647
504 582
755 624
830 553
739 620
121 233
286 710
655 552
4 54
746 922
923 383
663 582
304 493
95 353
450 821
304 159
321 397
885 636
275 209
512 82
396 51
818 250
387 432
784 507
278 147
595 759
442 685
509 614
3 8
426 470
627 230
306 441
652 653
317 161
803 673
450 204
473 684
429 70
22 612
390 589
356 857
2 196
615 84
648 121
170 325
104 12
568 817
83 26
557 303
874 371
200 106
737 399
761 546
620 63
474 478
194 707
205 752
246 678
67 524
273 539
568 447
116 446
593 82
482 590
8 237
186 436
84 792
499 516
230 64
769 559
46 364
198 461
721 535
223 596
14 425
2 750
485 637
301 288
326 818
