944 2986
104 441
531 681
806 605
538 317
20 840
281 327
445 86
147 832
393 80
289 135
492 394
365 810
298 514
725 640
602 129
58 232
144 387
477 844
865 388
6 432
520 41
295 243
323 249
264 541
542 176
653 318
256 534
669 926
302 18
140 806
768 12
255 844
326 697
657 883
93 834
527 176
689 944
263 631
484 555
913 229
805 479
770 284
534 365
19 861
564 423
531 908
778 735
599 357
306 418
396 877
827 601
496 375
903 179
876 115
764 283
394 855
270 852
35 442
418 388
331 519
334 746
351 584
524 878
192 838
801 77
489 553
173 387
921 640
689 461
839 564
53 377
346 853
185 747
703 740
516 433
83 132
430 486
857 826
804 279
292 451
57 510
612 432
541 528
66 199
928 22
86 258
253 189
591 213
685 112
28 454
727 878
693 613
17 599
552 102
574 845
378 655
226 752
68 594
533 898
53 669
55 884
757 873
22 393
136 178
652 459
714 156
253 368
702 559
148 643
230 255
330 105
328 446
398 129
551 325
700 513
942 847
836 128
45 202
67 302
942 256
584 345
452 775
569 491
146 364
641 174
919 342
169 480
815 161
934 364
717 703
849 558
848 562
816 433
300 226
835 283
834 9
840 311
342 795
99 50
160 414
532 113
610 455
466 439
349 732
904 13
257 213
428 205
447 371
654 121
875 41
859 198
789 68
58 860
593 601
522 321
192 323
266 3
437 218
274 80
443 783
137 201
301 635
251 688
373 22
397 892
514 502
237 893
314 390
448 353
375 787
18 536
745 701
51 899
303 18
931 784
201 760
478 534
661 888
852 652
923 468
249 799
438 351
472 848
455 708
360 559
300 285
926 121
931 571
604 883
215 537
476 526
883 786
332 705
485 576
244 405
245 636
217 762
685 126
314 650
868 610
557 468
443 425
279 344
436 726
736 431
935 833
555 63
685 282
26 508
544 113
566 104
606 211
251 277
498 10
5 638
132 754
599 287
343 828
469 609
399 224
679 167
475 774
361 466
354 246
905 689
377 788
632 86
800 457
677 823
91 669
703 1
204 463
513 619
632 61
788 561
164 50
361 233
342 526
456 937
506 535
883 569
847 402
478 222
62 409
778 854
141 417
346 827
590 478
719 84
776 331
408 368
924 553
155 339
154 713
489 734
913 537
286 345
614 229
818 77
259 863
253 650
128 339
77 848
382 664
189 33
337 675
855 161
530 31
125 6
718 54
901 457
723 169
692 450
108 761
202 15
76 466
166 25
341 143
738 803
387 403
426 289
317 761
449 11
911 913
72 377
532 474
55 421
421 165
35 370
319 796
245 750
163 406
76 941
27 461
211 386
194 86
693 778
786 319
592 728
883 436
41 140
170 479
171 487
926 640
859 473
327 728
189 373
737 207
683 320
95 470
798 478
732 23
909 148
125 442
252 550
787 789
81 745
119 668
545 400
323 564
340 382
508 744
606 881
882 422
535 736
204 243
715 354
439 545
632 193
392 560
279 920
484 158
450 282
269 535
661 603
816 322
427 118
790 352
410 499
522 73
353 735
118 788
555 46
161 634
509 682
420 785
793 652
705 562
319 375
798 805
730 554
431 324
33 253
385 175
460 609
652 64
428 890
841 502
87 407
678 862
628 906
349 354
117 592
872 358
230 849
584 442
808 152
540 906
25 568
9 131
213 521
879 97
626 329
184 769
408 437
427 838
118 670
624 874
538 195
574 328
706 151
466 627
488 626
757 366
759 595
599 906
12 365
658 421
163 340
330 207
21 895
795 836
190 798
838 111
215 199
911 794
554 229
850 409
776 897
137 661
434 167
108 18
577 532
828 416
775 182
233 909
270 127
590 670
514 394
922 220
449 882
176 918
360 8
343 653
180 523
309 742
924 127
304 848
374 663
323 301
417 730
491 258
560 694
921 928
724 137
463 423
746 154
123 168
414 178
814 761
811 401
317 328
210 898
172 717
182 691
865 499
22 808
815 883
465 336
357 695
727 536
782 790
489 330
146 813
788 652
473 292
652 262
728 537
177 309
843 129
783 744
571 779
533 363
735 739
39 541
445 795
523 848
164 306
747 161
183 61
311 104
261 851
43 800
747 757
651 868
109 31
458 489
665 215
526 709
344 59
157 126
378 893
768 728
335 655
853 344
463 4
503 472
885 348
569 471
458 833
223 370
145 94
65 880
66 43
124 296
269 732
42 759
189 303
124 415
70 626
49 889
215 639
327 538
823 689
682 112
113 679
406 528
26 169
500 352
65 146
234 174
303 711
91 674
845 927
721 32
668 210
869 639
671 39
403 380
602 919
475 6
575 22
300 248
427 726
796 635
230 598
249 770
712 614
505 744
288 413
932 107
471 633
147 488
292 711
900 380
242 291
153 68
63 132
938 515
709 524
466 590
568 143
861 396
87 786
906 669
619 716
943 175
621 118
876 591
552 866
94 693
772 392
422 939
811 223
452 137
889 757
935 860
883 138
376 604
904 346
527 344
910 133
274 868
576 34
480 614
707 233
799 631
375 474
639 372
142 418
164 737
735 801
594 333
316 932
449 855
525 825
747 290
325 141
753 63
738 246
666 393
915 535
360 293
359 727
695 179
542 770
579 532
323 72
531 345
881 598
625 665
535 890
252 906
611 135
669 389
564 621
843 805
809 725
494 18
612 238
281 705
134 312
423 43
310 63
776 398
406 217
616 717
600 210
341 731
68 456
787 420
272 610
718 372
255 845
187 239
429 105
433 475
714 457
620 915
566 932
237 892
234 702
154 283
351 542
652 828
706 348
487 533
715 894
740 846
392 671
911 231
217 212
660 933
717 148
222 71
192 545
882 911
155 26
447 456
437 34
38 373
611 584
482 867
355 499
51 672
125 879
609 127
119 778
600 14
799 499
579 845
782 711
915 303
771 553
684 510
122 800
669 185
215 7
239 222
90 943
825 688
631 331
81 224
797 682
658 317
514 598
53 752
592 398
274 320
816 561
603 404
414 789
185 632
204 377
764 724
880 339
902 324
170 862
523 324
337 681
449 940
91 151
748 858
805 548
553 348
644 464
109 393
763 674
322 635
326 518
739 515
440 189
114 300
336 425
872 267
585 647
388 837
355 831
883 684
460 407
27 835
359 46
695 127
53 544
576 627
703 442
30 138
75 694
434 137
696 332
881 301
459 147
242 225
278 382
171 336
335 379
815 77
47 55
88 700
932 625
720 866
511 26
41 138
792 846
941 840
49 695
414 434
70 15
931 443
109 224
201 263
898 764
241 357
902 714
19 406
605 267
271 486
758 811
324 490
569 16
682 785
494 275
522 934
446 406
855 814
458 448
167 598
243 331
501 883
210 384
936 96
458 339
773 920
740 333
82 509
746 20
590 436
512 41
533 483
384 732
684 917
204 898
28 240
858 928
736 775
94 540
155 648
18 106
639 864
605 635
401 709
737 675
538 436
497 423
336 585
906 6
763 76
835 798
603 525
1 518
271 327
437 432
315 297
100 94
244 847
177 270
845 484
149 162
275 559
277 205
465 578
85 223
565 618
911 346
15 4
643 871
129 363
534 864
187 29
528 618
374 941
432 484
324 367
151 865
510 189
213 253
846 236
335 315
729 707
821 728
223 829
683 715
449 347
802 449
606 412
399 390
608 400
203 411
261 124
726 789
468 592
180 557
513 643
336 390
41 85
280 752
707 715
930 921
398 611
572 378
348 7
24 757
285 904
363 869
553 648
855 113
293 626
185 89
61 364
48 820
169 589
118 662
11 744
33 784
912 125
415 527
770 522
590 33
312 632
296 157
8 903
597 49
320 3
876 469
773 432
543 146
574 629
190 354
943 351
846 436
648 155
830 231
137 524
283 727
776 160
322 883
698 17
491 261
201 98
612 593
338 624
11 180
855 858
801 903
514 216
680 436
330 579
147 907
352 97
710 730
124 394
130 938
518 281
912 333
582 33
54 931
274 397
419 697
186 91
409 824
754 444
664 503
846 927
170 790
635 860
745 185
802 144
438 694
628 309
536 742
519 582
521 163
154 802
13 583
305 150
876 459
541 809
91 72
436 370
76 855
5 483
339 617
283 308
840 364
513 282
126 500
181 119
146 187
774 862
98 380
905 318
193 252
31 414
174 534
875 399
557 66
66 40
461 739
324 315
247 147
111 29
628 233
630 157
454 668
461 254
419 604
7 765
174 296
252 197
94 373
77 483
566 519
608 618
200 924
170 285
80 109
280 351
134 334
564 439
733 446
473 869
56 315
121 297
381 762
270 812
444 606
619 901
374 923
507 281
752 413
182 48
458 847
364 557
314 517
411 607
177 462
231 663
344 788
20 780
490 853
557 744
218 555
863 642
919 684
278 321
45 352
216 717
746 255
267 359
437 65
7 522
199 250
769 535
758 901
329 873
507 286
883 769
756 347
868 330
379 661
473 697
147 206
632 472
192 874
486 588
505 264
859 796
592 625
393 602
722 898
750 742
380 341
682 654
812 509
741 417
689 334
563 670
529 399
89 688
18 195
19 669
757 225
721 384
780 280
369 594
613 40
308 834
803 38
785 327
695 630
458 595
186 546
153 634
118 425
155 162
860 740
293 196
719 694
481 515
465 841
942 293
889 671
89 447
643 136
183 707
721 505
943 837
323 366
89 119
417 322
878 252
237 780
310 55
497 941
646 6
6 715
189 296
323 936
604 47
753 458
92 270
9 409
501 147
374 387
543 555
692 503
395 209
362 174
171 566
784 826
350 913
681 70
113 241
186 153
97 322
761 701
597 303
610 756
723 355
673 522
430 663
414 120
293 841
681 352
511 477
383 498
686 889
270 603
470 484
733 12
89 731
885 684
580 94
618 297
364 942
585 134
365 131
313 536
390 917
700 77
583 336
605 845
72 7
771 90
648 90
26 594
210 800
857 401
394 433
892 912
931 343
55 136
772 686
721 306
601 154
524 168
242 709
256 918
372 536
48 382
263 870
143 316
100 693
477 578
514 65
403 854
478 510
388 437
877 662
576 628
104 738
371 593
396 388
311 897
440 214
531 469
858 68
249 253
471 555
23 41
745 432
816 544
31 57
422 839
605 68
401 603
71 808
130 612
148 379
22 702
500 345
264 226
66 329
800 473
914 100
473 743
371 428
846 61
264 828
61 699
769 98
61 102
383 317
538 244
223 178
595 509
62 116
563 228
926 456
387 151
442 176
778 67
597 909
122 116
764 485
741 88
193 5
195 380
34 377
314 684
260 714
76 310
802 713
450 82
855 764
821 572
369 407
898 84
460 223
63 696
62 432
857 277
723 810
382 941
366 619
607 619
206 144
738 710
71 755
496 687
791 481
228 20
362 850
747 816
701 572
842 523
274 313
20 376
685 634
448 460
435 246
882 104
718 9
333 21
407 441
731 41
768 184
289 474
788 447
920 442
9 304
135 229
291 846
845 345
415 318
842 892
496 678
890 660
46 572
428 589
284 202
103 845
567 936
16 898
327 786
454 158
145 802
740 707
316 256
119 219
139 882
123 156
489 391
373 286
626 13
730 774
829 19
634 374
279 936
817 788
178 167
513 389
29 635
670 507
728 670
146 825
290 306
509 702
582 434
900 782
8 52
661 821
672 688
910 53
843 559
760 489
150 921
120 904
373 346
599 234
383 154
717 859
535 180
923 303
406 606
839 151
261 382
374 26
593 852
479 759
7 859
231 882
744 66
759 364
755 844
445 90
107 448
70 809
845 835
42 624
648 107
333 175
528 784
335 234
874 280
857 570
350 717
788 936
610 197
886 62
462 348
581 159
195 35
242 818
573 491
832 230
794 933
889 507
579 796
374 381
396 700
109 362
715 934
151 645
245 448
619 191
12 492
655 448
201 445
94 593
93 759
479 706
939 533
944 718
100 543
102 218
446 615
583 535
33 159
548 810
808 771
863 295
384 559
539 661
168 833
82 763
486 643
12 722
324 793
570 36
109 616
845 531
55 556
115 778
610 906
722 884
65 596
874 927
581 612
696 39
606 35
670 78
828 687
62 380
815 294
598 146
467 450
91 418
806 111
187 541
316 255
390 207
618 433
430 804
395 322
234 883
844 248
192 44
111 83
706 879
734 342
490 892
199 148
516 167
234 913
594 345
886 134
5 934
686 196
31 497
472 142
738 226
276 805
481 704
544 482
428 227
356 512
324 412
145 105
474 152
937 213
631 275
317 171
48 539
50 294
923 863
737 608
754 574
737 478
153 535
669 433
779 209
781 738
50 441
606 130
713 141
737 132
576 748
685 220
703 269
392 338
525 830
298 770
396 681
916 570
268 844
216 549
634 636
732 8
778 864
664 461
646 856
944 755
228 436
14 380
313 799
408 914
696 536
364 843
849 14
36 559
249 619
25 528
358 923
448 842
858 554
927 756
749 890
878 98
916 206
423 462
465 92
804 826
817 714
488 566
108 102
150 765
230 26
600 255
803 142
215 516
184 168
535 400
555 874
9 771
802 407
141 209
828 698
668 57
273 732
456 332
347 56
682 397
336 311
483 255
177 22
313 69
110 265
737 543
916 753
663 829
102 72
305 743
698 835
456 42
828 783
182 605
394 317
770 721
381 443
632 50
575 370
815 660
746 70
50 132
216 111
899 307
495 105
6 172
501 551
762 371
259 929
936 844
809 450
421 369
354 267
372 523
487 240
533 779
243 286
504 136
468 886
531 733
716 858
592 797
679 839
791 706
480 875
124 800
710 556
622 706
488 380
574 876
665 528
631 325
579 182
573 737
668 365
793 257
557 755
157 591
272 460
354 96
96 921
776 470
410 553
32 550
272 911
19 365
4 255
557 917
637 902
16 337
822 568
750 69
609 336
574 18
223 335
498 890
707 744
927 724
660 76
528 469
565 645
260 730
400 856
438 639
384 535
59 61
870 594
525 568
764 464
530 687
683 670
921 909
276 871
281 148
706 514
410 560
546 69
565 935
768 642
698 420
715 720
57 112
221 568
673 78
214 944
693 806
40 786
718 53
612 536
411 157
387 619
736 617
203 25
721 17
367 730
92 380
186 34
633 525
813 135
13 734
303 51
401 817
516 64
385 376
919 133
759 287
852 675
813 778
379 889
68 439
642 896
241 888
148 412
646 631
451 156
836 692
446 359
370 130
342 761
237 855
592 874
683 735
433 216
770 110
61 602
577 852
581 297
50 748
125 595
683 44
735 69
168 298
464 214
669 12
455 1
891 715
659 104
120 2
816 325
835 768
382 829
164 240
386 764
295 862
701 610
526 258
413 890
246 415
125 432
774 904
825 618
833 434
475 33
735 648
466 90
66 219
210 773
524 364
690 580
361 375
46 470
844 762
647 391
853 201
322 259
433 377
173 198
350 262
592 805
338 310
266 228
249 548
436 446
499 377
279 826
84 360
106 736
431 334
713 294
610 647
609 373
883 82
797 851
874 749
414 214
830 19
155 788
687 750
463 133
28 486
318 352
821 441
641 299
623 440
717 120
356 621
765 919
200 572
168 368
446 634
748 379
235 773
71 155
554 294
829 608
441 679
580 588
9 28
414 260
182 224
573 38
776 685
914 249
432 936
658 868
308 235
255 819
936 94
830 574
855 231
841 199
861 156
653 77
502 720
838 291
431 139
466 284
808 797
400 794
440 876
793 789
701 676
523 61
678 797
909 460
430 906
839 320
587 254
42 659
272 297
265 176
671 941
393 414
123 100
606 626
165 226
535 487
810 546
886 675
79 278
742 903
247 657
126 649
676 836
678 766
875 556
822 736
290 122
130 816
241 19
97 12
65 645
507 176
155 177
146 168
429 399
563 395
446 269
514 390
904 448
201 704
778 505
84 285
656 187
547 700
363 731
182 427
698 304
165 695
938 227
633 119
134 484
484 220
438 240
242 295
181 671
373 421
138 33
88 641
135 208
638 426
804 276
661 211
574 91
209 252
943 734
846 399
243 118
524 183
435 797
491 490
697 715
517 464
32 369
712 62
30 570
750 15
606 240
240 500
129 778
370 533
709 579
263 782
784 720
52 438
108 315
181 641
377 815
477 384
361 548
909 531
236 348
626 267
662 768
477 70
795 826
82 473
636 427
277 836
550 725
457 234
479 247
172 208
599 134
821 627
58 821
445 745
651 898
108 869
269 604
111 743
774 507
793 469
238 809
891 61
729 381
677 426
915 691
73 308
37 262
517 788
336 247
599 46
40 424
412 353
819 803
396 491
806 188
808 849
292 287
475 105
661 663
353 508
529 508
582 518
855 700
452 914
857 379
130 321
222 572
62 63
167 498
83 727
503 155
535 403
222 719
705 793
206 645
281 191
144 548
547 443
152 832
920 628
36 943
565 568
731 602
648 903
149 881
536 604
607 272
228 443
690 506
528 481
87 480
35 179
823 865
365 254
55 667
224 104
903 695
232 547
278 876
380 619
114 482
314 540
764 142
140 765
881 795
843 499
883 702
454 688
483 150
672 761
19 24
348 495
42 411
206 256
867 582
582 227
456 451
662 706
840 286
303 892
141 772
199 703
495 334
925 379
84 909
567 63
853 117
883 159
280 388
281 877
467 441
34 915
720 557
827 259
133 105
464 235
924 868
762 379
600 338
764 107
33 282
911 725
823 887
256 556
77 113
525 318
472 661
259 647
132 489
315 270
374 241
411 506
472 121
736 459
606 586
222 421
571 337
767 6
237 578
476 125
170 70
579 363
561 212
686 902
435 496
567 672
435 146
4 286
120 649
450 188
625 448
627 484
332 755
214 464
521 74
776 787
157 909
528 303
930 229
141 703
291 219
882 695
25 299
461 930
389 80
870 454
231 109
838 159
914 250
92 277
40 734
60 641
404 454
867 637
745 120
225 63
46 631
472 809
749 897
113 710
829 776
370 239
690 369
527 60
621 433
804 300
493 243
165 790
151 792
570 461
543 747
634 710
489 1
381 905
220 407
19 817
17 184
797 513
542 401
122 11
729 911
473 931
330 547
661 493
402 732
829 6
813 897
188 831
743 576
549 466
218 348
113 577
657 250
428 125
321 93
581 668
322 763
440 392
422 871
648 226
522 74
713 787
906 891
42 802
712 340
327 176
664 802
68 914
777 709
686 375
512 801
213 756
159 285
651 403
793 371
902 768
702 368
430 879
72 839
557 726
444 543
319 413
319 743
252 887
552 320
54 271
899 126
594 634
129 669
667 202
911 165
273 529
273 431
607 444
169 27
243 60
777 340
335 873
52 139
822 688
643 319
503 210
234 933
880 80
805 938
903 378
58 289
497 349
741 556
28 591
429 891
340 615
749 103
753 108
231 80
4 52
21 882
309 590
883 625
383 912
719 287
594 81
426 495
338 637
355 297
907 116
455 279
804 610
203 659
827 317
277 153
740 604
687 632
941 333
709 555
641 795
571 827
642 618
458 504
24 771
98 396
905 626
891 585
881 850
255 747
570 565
837 736
499 720
834 254
927 556
453 602
257 828
627 941
117 780
109 175
281 489
271 706
301 321
55 679
834 384
502 306
344 705
776 686
679 904
870 178
193 441
748 896
144 542
551 717
3 302
225 435
618 759
712 368
861 155
91 704
898 496
3 652
614 936
593 120
784 374
73 486
799 325
152 883
235 320
571 298
882 454
368 277
93 621
924 743
318 231
502 832
193 884
215 499
435 380
806 517
391 49
427 86
505 384
379 831
54 491
809 773
152 287
173 662
915 885
395 811
303 674
839 97
622 787
163 471
524 416
311 520
336 769
319 151
839 573
221 230
913 435
272 596
894 215
89 780
517 633
651 344
871 310
907 277
557 333
242 862
384 213
57 13
464 456
196 844
889 570
625 537
844 304
591 371
722 587
778 329
173 235
835 376
798 780
602 718
845 196
11 810
833 335
798 202
767 852
92 519
591 90
313 938
443 282
527 547
74 819
790 654
2 791
41 848
405 287
651 174
78 85
639 533
566 693
550 868
789 52
862 922
98 754
79 404
141 390
676 730
532 327
552 584
183 506
522 68
886 604
794 525
173 117
690 417
510 800
587 778
325 255
319 835
24 870
586 799
314 502
445 183
291 765
880 654
184 267
294 303
886 693
261 611
284 900
206 156
161 568
60 277
923 779
853 464
250 135
241 943
624 504
723 572
121 888
693 258
531 14
286 643
452 300
811 756
296 583
28 473
618 796
801 276
180 941
41 399
116 258
336 675
778 403
518 809
357 568
551 10
652 179
2 47
167 886
738 686
423 674
501 595
814 253
417 779
841 116
783 889
807 425
755 538
937 387
538 745
775 132
561 373
119 462
154 766
864 155
84 710
533 775
384 258
469 805
918 835
386 464
583 333
924 625
818 537
818 160
527 574
868 205
201 617
676 782
477 748
903 912
460 907
335 41
669 750
598 188
912 920
250 467
579 716
265 105
844 340
39 495
16 50
469 804
492 676
438 616
519 668
795 41
673 863
87 37
876 545
219 814
182 214
365 142
863 403
18 223
818 93
70 749
687 465
822 398
80 76
686 778
11 107
749 516
57 281
721 213
886 521
108 616
343 195
59 171
922 225
356 463
526 434
251 844
929 881
604 840
882 358
57 942
283 188
48 722
928 673
566 180
624 139
196 448
93 691
360 211
533 235
422 602
386 155
689 485
48 491
453 423
805 908
80 811
222 221
206 187
559 765
339 278
86 203
16 728
914 427
419 741
846 753
902 242
523 235
503 861
822 496
589 912
805 765
311 754
890 683
488 294
837 194
417 671
459 805
762 541
890 3
515 211
517 251
828 205
367 179
64 663
138 255
295 413
694 407
70 8
210 621
184 763
684 780
869 569
85 932
682 899
939 112
139 843
68 392
912 585
531 858
845 827
497 472
794 715
136 242
834 418
907 472
704 85
490 764
126 237
716 552
420 522
169 699
702 103
137 232
883 748
275 451
387 295
218 178
173 266
826 765
233 122
215 852
90 78
733 744
114 517
152 677
671 251
286 586
30 799
752 143
589 787
881 474
2 472
75 761
633 55
890 600
11 849
285 477
109 68
80 642
72 357
588 707
312 777
385 85
518 713
848 656
191 784
287 271
860 8
733 822
44 349
352 933
738 748
336 372
850 575
482 56
375 525
857 535
40 684
74 267
40 343
278 580
814 434
7 679
104 895
234 21
8 613
542 557
673 706
709 713
14 677
306 930
272 393
369 478
294 629
387 277
871 357
894 403
569 437
453 28
458 169
169 583
21 558
831 390
856 903
892 93
527 670
323 589
917 766
863 155
149 868
923 94
248 525
46 905
431 751
187 142
265 342
488 927
808 584
643 220
259 368
630 92
599 562
304 492
601 330
72 45
221 105
629 412
793 211
559 398
29 204
60 911
567 385
108 337
75 274
76 41
315 93
10 549
178 537
766 366
179 698
441 423
421 270
45 658
618 161
928 9
927 926
841 902
533 653
92 723
238 107
827 928
939 395
189 232
211 762
161 452
34 842
787 376
110 492
274 294
167 234
479 729
480 745
371 567
875 455
410 652
433 399
929 514
922 393
131 192
651 476
708 80
559 2
731 324
394 143
276 367
295 573
315 451
339 787
526 418
710 840
290 159
26 930
43 727
356 556
716 924
826 473
4 893
25 682
153 318
856 924
90 476
87 522
146 410
262 588
598 353
767 764
698 920
290 925
901 171
867 791
891 492
230 640
112 914
15 907
344 771
201 587
881 217
844 401
522 477
152 352
97 829
860 235
777 205
94 596
275 90
852 663
244 320
124 302
136 941
20 398
426 799
920 744
83 329
797 210
234 248
307 746
132 87
857 232
694 351
317 685
621 758
573 167
296 941
596 918
563 314
356 516
450 427
196 654
1 488
824 360
737 361
386 24
596 773
754 602
174 776
192 58
582 531
309 405
844 845
760 533
668 860
245 803
267 897
492 720
539 540
520 762
184 142
199 383
728 637
50 12
751 871
290 168
493 773
790 918
411 715
516 802
484 608
182 416
702 257
558 191
614 40
135 794
743 193
404 647
473 39
205 722
388 515
796 826
635 258
197 894
482 519
236 916
185 17
482 414
134 767
618 140
930 630
933 821
754 799
3 602
613 439
27 797
357 574
413 807
233 654
270 720
570 791
258 564
150 526
851 802
764 916
103 554
345 514
358 87
182 298
430 865
846 864
776 174
482 668
911 510
188 224
414 759
240 380
204 676
635 69
656 472
273 485
632 39
264 790
263 141
108 517
252 610
146 925
271 125
40 391
719 201
354 856
669 90
617 281
100 682
654 913
494 149
397 417
95 942
573 863
852 349
337 915
24 815
821 816
554 413
556 425
775 841
667 576
751 446
65 934
173 189
907 46
601 207
123 232
12 394
517 675
183 339
464 324
752 508
358 800
841 124
345 199
898 251
734 444
384 363
476 468
114 316
741 470
408 811
416 481
878 330
571 180
389 809
844 314
59 322
259 433
315 188
408 63
563 287
70 893
71 539
478 555
337 437
173 624
94 68
34 399
177 496
555 390
796 465
78 305
463 664
73 468
545 215
323 202
307 132
698 386
810 21
403 665
258 803
449 333
564 36
638 231
911 378
353 73
788 247
224 847
858 127
554 340
275 141
848 910
560 627
299 371
139 685
142 272
127 242
218 698
772 306
898 917
791 360
689 311
445 182
450 876
877 83
94 754
811 166
367 721
708 836
587 782
193 940
675 96
769 686
478 394
940 465
674 312
512 200
362 227
364 72
256 65
682 357
331 273
77 802
578 329
796 304
579 160
529 801
198 195
491 87
879 486
165 335
437 746
367 178
721 343
27 937
409 534
200 397
684 781
794 310
726 494
126 819
551 85
309 880
342 610
318 76
136 272
358 231
819 774
842 621
937 41
369 20
846 550
445 258
138 929
586 221
435 276
110 296
220 696
115 402
389 263
62 942
375 860
251 153
195 285
291 392
609 389
224 432
258 707
239 714
722 489
867 861
118 171
245 593
202 491
239 183
277 283
116 802
616 320
798 181
230 896
675 789
116 252
721 304
816 588
691 479
503 222
322 582
162 787
415 679
324 819
365 217
168 437
9 266
780 228
691 76
906 121
933 439
404 240
650 5
120 776
747 488
903 648
487 102
872 943
283 8
271 753
689 682
678 918
619 508
216 858
730 9
785 418
767 731
846 238
186 839
563 30
401 585
555 677
475 888
594 632
641 215
388 430
798 924
711 176
396 478
769 650
579 581
43 624
471 22
920 196
890 36
58 303
298 706
793 491
391 840
674 62
431 416
401 149
590 769
313 577
577 327
686 276
27 802
186 277
624 785
396 610
664 487
866 895
351 814
458 140
514 751
288 805
789 902
609 829
81 622
426 380
85 405
84 218
529 331
469 117
292 868
426 690
868 173
942 353
449 883
69 704
107 88
289 29
680 635
552 304
787 628
812 916
502 685
840 566
638 713
489 483
740 185
153 193
814 14
852 453
926 409
343 562
896 220
682 677
537 363
637 936
379 774
900 216
939 370
192 669
742 248
