948
805 616
849 286
809 271
729 54
9 795
72 103
448 557
89 397
123 265
660 274
201 800
394 131
117 692
834 880
209 240
154 16
571 317
13 324
17 14
212 89
157 41
874 120
664 435
79 425
477 397
9 15
207 77
514 388
699 632
827 408
98 279
66 69
715 673
93 213
575 752
293 17
63 867
842 4
81 948
258 290
30 211
675 192
901 461
603 112
913 620
208 6
315 446
407 434
134 149
585 261
925 941
101 64
54 173
946 359
507 166
349 125
135 120
928 679
30 50
349 898
307 663
790 592
356 471
7 3
687 545
818 595
84 502
774 772
275 488
243 433
199 218
153 274
430 339
377 463
84 123
41 105
37 288
799 536
90 201
813 531
351 223
667 544
99 1
316 822
108 375
589 379
358 1
460 417
825 128
608 174
222 47
850 842
739 201
79 261
370 398
107 421
159 37
218 690
382 270
55 275
243 762
46 121
66 130
885 651
582 429
252 251
59 128
487 568
417 543
731 503
355 626
215 95
390 478
331 855
33 77
312 98
179 210
68 328
532 125
10 756
155 268
11 22
27 57
250 387
180 474
303 76
426 483
279 366
174 443
386 438
266 265
944 90
399 646
273 410
25 36
938 900
519 151
573 485
16 71
64 55
143 701
370 613
653 186
60 28
355 352
814 259
457 428
792 786
1 11
178 54
408 251
806 639
10 9
370 133
509 219
447 413
25 33
4 18
420 835
110 12
92 229
494 390
848 493
163 151
449 98
310 28
538 271
92 319
317 468
321 68
6 2
65 45
12 4
27 281
617 789
290 391
618 129
877 507
278 339
87 2
487 440
595 429
527 570
168 784
32 480
70 246
933 418
824 126
865 701
862 114
459 214
640 744
712 64
424 685
202 106
678 464
23 18
55 32
443 735
78 420
14 180
232 206
281 750
42 52
397 455
239 627
305 213
474 868
54 41
610 112
360 897
205 102
426 323
89 562
148 146
540 81
516 242
704 590
172 29
153 823
387 604
138 160
198 414
775 876
320 147
5 276
260 68
113 526
92 97
565 844
145 546
241 184
171 236
914 700
616 648
894 804
484 116
122 745
53 378
40 343
29 76
376 619
129 263
78 19
512 679
3 624
457 567
269 99
93 285
72 858
161 504
418 727
108 94
204 26
224 115
124 788
256 160
73 26
939 451
539 43
418 296
802 380
555 379
591 73
529 278
595 631
674 716
911 11
92 196
319 372
332 466
225 208
304 889
500 821
863 648
439 97
26 175
162 36
98 70
609 356
904 836
307 359
2 70
708 207
617 379
872 297
537 677
377 665
583 562
123 560
907 547
203 15
121 262
673 225
89 141
89 283
401 10
551 581
451 341
496 541
670 410
318 895
297 846
16 356
545 861
548 149
33 53
899 30
119 94
783 724
318 347
6 145
403 208
847 853
76 112
654 558
187 832
837 643
581 859
553 139
746 22
91 92
15 25
142 437
485 43
49 765
419 308
400 854
214 248
424 278
282 845
243 123
535 676
586 273
811 113
73 144
19 49
652 494
734 118
633 444
259 9
88 918
312 458
808 471
18 31
312 651
367 174
345 122
234 36
172 239
110 140
163 198
292 167
258 787
199 686
111 137
234 254
95 309
47 27
342 160
197 173
503 353
176 95
515 113
524 367
53 935
839 852
273 464
219 6
659 15
628 460
711 719
550 253
183 149
536 886
107 271
163 296
185 172
794 74
44 28
785 373
460 521
129 763
299 146
870 607
24 688
205 448
233 212
400 53
572 164
291 140
95 376
307 544
168 314
110 706
368 9
97 286
709 427
35 43
307 336
104 19
531 444
777 241
381 520
364 866
150 20
630 212
232 737
91 249
599 50
860 432
452 533
111 182
64 169
81 390
350 244
771 673
454 351
922 901
118 195
66 331
798 789
594 592
461 449
11 41
2 9
18 114
406 64
30 20
40 3
173 681
139 137
100 374
29 146
629 514
335 227
730 632
173 761
607 372
882 818
246 295
162 605
153 920
545 193
210 779
139 313
108 124
59 27
413 169
192 732
275 621
262 942
804 454
470 433
51 79
235 906
919 628
217 836
19 12
173 325
810 492
740 491
269 270
167 34
65 93
237 2
15 158
1 2
442 934
431 322
88 932
249 632
41 58
179 129
22 117
512 82
268 427
52 164
122 75
416 2
696 864
518 910
689 149
317 268
287 322
495 668
791 747
429 924
885 909
523 834
190 386
658 141
807 443
747 206
14 238
381 379
30 80
37 556
191 82
250 588
221 641
34 109
2 616
19 24
5 32
596 930
88 52
450 33
212 363
671 116
66 881
289 149
392 501
135 479
129 615
372 495
683 221
797 700
81 563
598 334
492 38
306 195
64 206
397 878
250 537
346 399
251 37
172 513
529 838
333 780
151 129
199 20
385 238
48 13
498 145
525 254
59 235
565 8
625 839
801 349
7 379
738 504
701 775
50 81
614 559
518 75
640 748
57 383
308 294
488 682
123 364
259 344
649 68
224 445
109 642
132 90
250 173
230 768
921 826
917 306
432 826
344 361
92 120
931 940
94 187
773 474
273 122
259 300
107 340
289 337
218 644
815 507
169 888
414 680
575 592
280 220
561 341
446 883
879 424
523 186
231 405
559 387
58 220
389 596
500 234
360 900
32 223
75 873
639 82
66 22
522 370
50 142
74 333
841 471
662 397
590 128
24 62
158 301
228 202
76 751
217 645
374 452
796 624
3 2
575 493
212 760
161 138
378 840
108 136
377 171
373 368
204 231
100 20
535 213
68 16
444 107
86 77
127 253
669 403
491 414
432 84
152 703
714 350
181 71
638 236
133 43
256 634
558 723
656 550
82 346
722 210
534 759
441 163
462 64
382 482
776 539
379 481
3 29
831 1
552 564
457 593
315 313
9 643
437 721
820 523
742 201
39 936
373 530
56 404
346 929
569 457
46 412
91 43
37 61
284 190
8 7
3 111
713 164
852 869
543 697
289 489
333 352
147 108
5 131
230 199
155 51
72 767
409 769
499 62
190 217
402 234
344 695
415 115
167 766
772 211
316 327
357 157
696 400
19 188
93 126
45 42
554 129
37 82
500 579
35 30
138 63
558 312
16 1
271 623
311 252
478 758
360 253
594 733
13 26
299 436
575 781
401 625
452 694
508 299
726 345
79 472
409 347
14 116
3 884
383 700
302 71
294 153
778 660
129 124
190 21
389 317
947 245
923 468
70 221
55 330
84 440
168 148
102 257
353 351
179 184
283 672
620 71
304 246
42 36
19 143
725 476
736 600
436 830
37 856
199 354
754 373
794 833
650 436
302 396
226 103
803 630
14 611
473 60
720 25
154 710
318 69
161 527
717 22
153 139
82 365
893 138
552 521
633 937
684 538
689 817
264 62
336 422
529 655
647 383
277 912
793 334
484 636
626 691
114 115
287 120
54 542
214 206
528 263
84 13
926 350
905 7
380 925
242 194
536 657
496 336
340 755
943 756
945 886
486 344
132 267
177 63
118 65
48 407
7 13
132 277
578 88
253 601
297 209
764 114
95 55
228 362
549 711
51 67
600 599
790 908
546 574
851 747
296 566
407 456
38 18
646 829
547 170
902 764
728 216
166 80
113 57
11 186
455 506
637 221
442 102
155 753
493 157
36 216
741 81
182 255
49 74
121 323
119 127
772 812
14 39
571 580
156 151
698 374
234 428
205 718
52 392
264 819
332 186
1 56
103 134
126 341
510 105
380 271
50 388
903 259
372 549
278 79
13 171
56 282
243 334
890 218
484 597
98 227
94 329
110 152
120 247
100 411
532 931
181 258
72 38
188 916
152 307
232 469
192 24
131 165
666 649
661 566
369 96
217 551
576 411
104 209
17 27
674 541
189 79
612 389
602 544
475 323
24 102
393 260
155 338
74 85
5 20
828 149
76 584
875 282
782 570
83 511
741 891
247 435
15 21
24 743
770 673
58 75
843 569
534 63
298 180
24 51
174 132
90 14
254 707
27 429
122 244
347 915
125 30
363 517
887 772
196 927
