451.483109798
518.336608263
565.526039798
582.253582162
589.59263411
649.881435132
660.822617018
666.573719798
667.514521639
753.605749798
775.417388184
823.408731793
826.723110968
909.706859798
912.810882479
980.743969798
990.195362611
1006.24150956
1080.47336105
1136.38996343
1143.8072998
1201.7559215
1214.8444098
1284.23944482
1285.8815198
1340.09588018
1345.80713607
1356.9186298
1519.9819598
1567.19883826
1648.0405398
1676.0830698
1722.44084671
1745.0932998
1791.1100098
1796.06026194
1812.90259216
1816.77775376
1848.87596579
1882.1522098
1904.90379265
1922.92565608
1947.2111198
2010.2471698
2060.2951798
2125.2741098
2152.21150482
2175.3221198
2202.15281792
2221.39962931
2226.97864779
2240.3010498
2250.71573459
2275.96063658
2276.3697998
2325.58951101
2345.80954857
2359.12264248
2390.42511548
2396.4021598
2402.60292921
2423.4382098
2473.97371581
2480.4596698
2518.66350128
2552.5032698
2594.5025998
2644.86957804
2681.5458598
2695.5502798
2745.79354963
2750.55906373
2796.5727998
2796.5979598
2801.58534046
2899.6071498
2912.01873221
2947.85783781
2952.6739098
2976.40327241
3002.6163398
3043.567376
3066.7168398
3089.6483698
3180.7597698
3190.6960498
3234.18412553
3247.7175098
3251.72649871
3343.8230998
3362.7444498
3459.88832389
3475.8285098
3480.8820098
3593.9660698
3629.24252082
3665.0031798
3802.0620898
