2227.80215607
2383.90326607
2496.98732607
2660.05065607
2846.12996607
2974.22492607
3089.25186607
3202.33592607
3259.35738607
3356.41014607
3493.46905607
3607.51198607
3793.59129607
3894.63897607
4007.72303607
4170.78636607
4271.83404607
4385.87697607
4541.97808607
4598.99954607
4686.03157607
4787.07925607
4900.16331607
4971.20042607
5099.25900607
5196.31176607
5352.41287607
5453.46055607
5616.52388607
5772.62499607
5935.68832607
6032.74108607
6131.80949607
6218.84152607
6289.87863607
6436.94704607
6574.00595607
6702.10091607
6789.13294607
6903.17587607
7089.25518607
7146.27664607
7203.29810607
7389.37741607
7492.38660607
7605.47066607
7708.47985607
7864.58096607
8001.63987607
8058.66133607
8155.71409607
8286.75458607
8385.82299607
8482.87575607
8597.90269607
8783.98200607
8899.00894607
9013.05187607
9150.11078607
9264.15371607
9321.17517607
9484.23850607
9583.30691607
9696.39097607
9827.43146607
9926.49987607
10039.5839361
10186.6523461
10243.6738061
10340.7265661
10454.7694961
10569.7964361
10725.8975461
10854.9401361
10954.0085461
11069.0354861
11140.0725961
11255.0995361
11312.1209961
11413.1686761
11527.2116061
11628.2592861
11741.3433461
11840.4117561
11996.5128661
12182.5921761
12269.6242061
12406.6831161
12521.7100561
12652.7505461
12781.7931361
12880.8615461
12951.8986561
