1000 9902
124 511
17 979
207 992
119 308
375 174
546 118
802 492
217 820
329 850
882 62
830 294
191 232
194 28
912 991
95 51
473 467
626 59
40 682
540 719
134 632
285 996
844 85
938 30
616 140
389 838
670 489
740 955
494 533
317 36
744 848
312 668
919 331
5 647
703 496
571 894
49 616
212 44
416 159
472 337
849 897
900 283
26 168
715 751
658 853
297 567
455 521
468 387
476 143
793 891
991 632
244 147
28 748
988 274
651 450
706 562
943 618
585 74
383 601
367 324
991 798
785 521
590 868
849 478
388 750
211 665
51 940
987 328
826 70
827 483
41 570
524 257
548 399
845 251
905 59
537 364
7 810
637 121
659 395
508 51
327 521
699 922
569 99
702 559
133 848
1000 139
488 447
986 418
533 287
458 731
389 119
837 905
588 257
152 741
800 785
857 288
893 418
562 823
190 972
412 94
396 297
271 277
22 434
998 796
92 857
776 120
960 757
942 581
445 123
236 24
700 655
717 551
831 408
321 830
106 704
269 54
752 198
936 269
554 836
425 776
905 175
446 918
140 293
771 477
282 50
678 947
302 49
970 103
413 938
607 366
569 137
658 968
55 184
2 36
22 35
251 387
823 183
291 30
366 582
130 128
131 745
300 208
304 147
931 78
724 927
618 230
546 395
943 767
158 861
806 985
989 333
36 183
557 457
806 808
272 607
347 53
884 212
371 955
210 263
153 722
11 250
429 320
864 776
21 301
833 767
367 3
470 172
785 928
256 146
574 566
115 303
545 284
301 766
820 914
379 226
533 307
20 346
631 464
522 36
997 262
285 138
124 150
273 706
754 61
38 834
78 579
652 970
63 277
657 612
289 312
315 697
181 890
934 392
593 266
298 166
942 903
199 106
890 303
753 989
203 508
386 692
648 95
481 754
136 435
378 106
948 306
53 594
22 899
957 60
456 999
815 66
965 721
715 502
383 76
3 50
866 118
939 750
924 346
191 885
644 841
919 81
443 401
889 440
709 365
526 301
196 908
326 823
278 970
836 608
508 721
989 30
793 819
667 774
418 248
842 288
419 561
487 678
662 142
223 972
719 971
82 508
524 235
817 119
395 473
805 670
111 891
811 593
111 128
785 23
12 422
220 257
438 328
663 897
315 767
837 670
986 376
751 184
256 207
8 608
975 512
834 692
872 383
447 123
124 468
42 323
416 627
769 688
879 213
61 598
703 27
850 573
393 132
20 493
622 24
200 745
85 178
748 918
658 426
169 538
556 525
208 675
834 235
504 762
946 497
708 720
1 966
455 369
994 485
208 562
924 408
302 284
507 622
57 691
597 41
984 34
483 789
252 794
363 72
681 6
813 513
460 751
154 398
857 837
737 959
827 941
439 419
518 770
784 920
88 309
895 106
951 260
643 111
832 948
562 101
563 772
178 282
921 194
45 970
159 70
557 520
400 703
645 935
319 396
283 874
611 750
318 588
319 853
908 302
693 512
710 742
914 987
989 437
278 530
267 783
197 578
591 278
349 903
225 665
953 893
870 363
319 243
431 917
177 542
972 735
699 881
739 700
702 560
103 745
753 456
848 484
901 358
351 307
941 613
564 416
46 891
103 894
137 90
786 825
659 189
561 734
898 939
848 2
806 359
270 73
697 483
200 773
596 727
467 541
535 564
830 144
423 554
230 972
895 970
861 550
473 797
806 105
334 862
170 711
977 733
506 223
70 948
58 804
166 411
44 791
364 288
904 735
745 823
74 157
921 444
206 438
375 371
213 566
23 821
596 105
905 836
875 978
895 415
845 694
148 474
663 261
776 759
367 752
713 28
269 550
254 124
220 52
609 461
392 795
107 650
346 462
379 522
694 199
146 937
368 793
37 828
167 893
43 307
138 69
711 896
551 987
988 855
627 145
366 231
516 942
764 782
712 177
287 565
552 986
901 713
258 861
741 10
924 638
636 304
86 849
983 477
362 855
629 968
688 281
692 369
199 355
535 773
348 537
185 497
298 440
25 664
122 924
843 870
947 677
747 919
17 728
634 958
899 710
854 52
608 56
75 447
222 290
423 633
597 286
501 361
801 297
234 320
623 494
459 941
502 77
359 716
195 887
580 617
257 676
793 158
972 357
97 933
919 366
335 359
762 945
680 868
292 362
365 588
166 913
973 781
188 75
563 49
250 252
571 522
809 145
24 887
151 422
720 476
931 642
804 412
382 864
681 495
491 83
233 464
912 53
254 446
337 434
410 270
852 147
395 222
477 374
775 819
871 555
451 327
180 783
419 165
404 215
490 316
111 870
607 813
276 393
43 398
462 500
806 750
881 1000
533 239
995 870
846 30
684 397
632 166
209 43
450 311
986 357
459 401
77 34
417 47
647 424
171 499
7 777
708 170
176 267
397 877
309 97
186 732
760 697
265 203
694 892
279 951
717 53
459 269
647 334
426 94
153 879
146 337
262 635
252 72
285 826
549 605
366 319
646 285
424 22
859 458
73 843
105 832
144 592
161 598
790 699
690 91
611 458
85 331
273 13
155 553
325 817
566 785
308 513
292 398
722 478
612 453
761 283
245 106
544 255
748 119
362 310
507 675
311 275
349 220
795 430
409 287
487 114
572 180
726 325
309 954
249 841
875 13
452 874
469 852
861 210
738 287
77 973
634 348
235 507
328 167
974 866
110 768
743 99
874 222
490 199
328 54
353 709
123 769
230 141
712 924
219 188
607 769
441 362
466 103
405 783
779 62
375 561
320 540
492 883
755 911
688 116
858 11
376 512
38 667
419 524
167 922
929 239
640 102
380 79
508 116
953 225
388 852
685 746
530 557
323 313
643 982
424 896
901 402
668 419
363 661
15 4
459 134
372 77
782 350
749 217
548 900
150 103
761 763
322 261
948 241
268 942
19 193
4 73
632 860
583 999
674 577
554 251
278 427
649 773
320 157
565 409
227 34
541 384
554 797
667 86
455 294
38 440
339 905
654 336
932 146
210 870
949 513
520 995
373 347
672 558
862 753
206 373
691 781
215 505
849 615
98 565
944 317
408 931
12 357
987 497
861 472
954 234
738 517
775 904
614 176
764 517
926 268
694 248
436 536
419 458
370 292
923 810
360 338
536 373
383 874
21 499
370 183
703 715
975 630
816 37
323 247
949 855
591 390
519 165
371 739
483 509
301 692
932 672
450 400
989 711
39 64
119 297
885 790
564 417
879 232
517 789
171 217
964 554
972 13
129 749
243 763
541 32
778 722
212 618
319 694
801 147
52 19
21 792
152 937
880 465
728 456
599 479
32 79
783 148
472 134
715 194
787 209
844 422
666 898
403 728
479 461
852 937
545 775
730 269
587 396
787 830
695 985
420 829
144 690
833 12
290 96
297 143
584 26
218 712
982 946
494 885
633 687
981 365
363 74
771 483
790 333
252 978
59 677
333 62
876 132
883 672
957 325
260 523
10 738
174 81
58 161
732 971
22 5
153 218
749 948
594 887
704 219
262 423
683 309
785 638
515 277
405 101
318 926
135 60
301 212
230 250
558 937
181 398
292 467
685 110
359 437
679 545
945 961
964 59
233 55
513 133
276 101
927 838
569 670
362 740
788 504
936 683
827 613
333 37
940 211
102 738
107 824
349 795
624 927
30 494
643 897
56 805
536 111
901 345
831 24
450 101
458 552
977 892
728 30
483 247
47 990
213 450
195 715
217 903
859 368
735 461
501 455
707 292
472 243
273 774
4 114
29 449
857 192
35 796
532 994
596 603
942 587
890 376
148 980
79 764
788 805
194 230
506 240
143 623
293 190
740 617
814 496
924 368
130 91
486 673
268 492
931 564
2 256
519 869
22 199
496 519
353 252
760 468
156 537
140 182
857 700
714 31
746 198
168 183
840 585
783 733
701 868
250 590
487 303
434 697
334 268
495 800
975 490
123 672
625 795
241 814
646 549
340 930
409 937
718 187
591 171
405 234
937 604
854 971
655 654
274 794
340 785
552 665
414 626
223 648
545 361
823 885
992 319
702 638
171 498
65 619
63 160
158 140
684 172
722 507
523 246
281 711
593 110
901 445
632 500
778 392
872 35
300 251
68 552
531 848
569 5
493 37
310 741
973 283
83 857
7 703
497 607
569 118
364 790
327 418
826 527
367 621
613 837
191 435
51 356
921 910
905 229
230 826
818 277
801 308
235 656
74 286
776 22
9 649
502 174
251 490
221 718
100 733
670 705
107 235
718 825
511 5
12 744
778 814
781 253
892 704
288 574
114 832
170 958
853 731
819 295
199 569
240 694
865 659
463 515
50 171
982 800
861 209
818 526
495 983
760 316
119 971
810 922
858 841
48 355
335 815
592 138
193 770
15 941
576 333
47 239
230 130
547 92
417 359
533 145
710 59
423 265
975 748
470 628
896 243
826 124
96 273
519 51
906 948
711 843
661 174
55 755
179 832
138 237
157 159
656 610
327 352
206 615
890 764
392 255
937 581
36 678
472 828
679 237
649 42
13 947
804 898
491 377
187 896
540 900
909 607
913 254
256 811
316 219
246 28
67 123
584 815
625 133
623 662
183 613
238 752
95 297
743 621
339 795
876 18
549 948
847 691
320 924
310 881
176 588
602 526
107 100
605 509
211 272
295 845
482 896
568 513
308 772
917 658
763 750
415 69
453 146
149 873
352 107
206 378
214 833
106 54
966 336
514 113
116 99
483 800
85 988
690 270
759 876
334 73
742 122
944 397
176 103
695 80
861 328
718 243
917 978
629 988
408 122
797 736
700 454
68 940
585 286
551 561
627 183
257 363
736 600
121 862
251 667
77 59
431 915
601 641
581 635
530 767
961 790
993 367
100 115
994 128
466 645
839 606
915 184
985 626
898 822
539 740
464 366
377 579
730 121
623 246
113 73
510 981
242 303
647 550
562 782
651 547
104 276
30 572
25 574
648 827
118 277
134 526
467 543
359 597
382 654
164 581
769 813
868 301
9 880
654 96
69 576
673 495
418 442
761 496
189 103
905 398
40 494
451 896
123 751
913 107
393 69
249 181
359 392
849 902
763 428
156 566
225 638
953 928
81 685
478 441
121 220
339 21
271 108
895 8
491 830
398 670
165 689
6 310
10 626
306 457
82 154
737 43
244 13
12 187
361 495
713 2
258 279
113 899
542 639
301 211
853 870
812 359
125 399
362 963
475 224
816 228
465 458
608 6
371 928
384 602
508 533
767 518
492 692
589 354
516 936
389 338
963 117
926 11
349 794
405 536
318 475
279 509
217 740
38 970
180 23
920 975
134 313
337 835
547 592
142 852
180 399
623 165
790 856
994 615
433 797
105 584
177 875
56 4
42 59
27 306
302 632
947 837
752 283
493 755
244 655
62 280
807 678
353 273
154 290
490 666
571 671
109 948
353 130
170 584
669 562
966 220
624 3
986 694
74 44
3 104
352 326
995 700
245 5
637 771
874 439
31 926
306 139
878 875
314 654
44 539
226 466
745 674
504 240
550 761
992 773
130 236
594 969
872 827
27 668
712 644
287 70
698 987
640 671
129 428
560 968
228 686
376 153
292 959
556 412
187 195
480 439
104 611
380 720
258 618
790 255
978 221
923 868
175 979
412 270
189 807
850 931
814 766
950 462
873 475
964 333
551 223
316 652
885 973
411 672
484 938
380 267
368 707
740 123
617 496
636 52
378 292
324 482
136 108
186 943
727 362
35 938
198 394
187 871
425 62
784 510
619 664
19 370
113 371
921 830
973 717
867 86
738 688
133 390
999 589
868 743
195 853
656 654
739 400
79 723
407 88
943 122
925 539
292 685
677 130
499 580
762 66
505 475
452 694
286 788
364 362
992 963
956 102
478 486
946 12
658 920
364 505
352 465
451 519
947 394
658 555
368 897
996 873
149 516
948 398
129 392
645 399
116 8
614 315
615 86
907 153
837 488
804 231
171 674
464 782
664 801
572 762
591 142
423 264
196 134
896 244
789 119
618 507
637 77
30 5
752 953
825 835
94 856
720 423
818 910
544 917
12 647
548 593
107 771
755 175
495 360
280 375
45 745
195 356
82 629
798 734
939 101
461 409
962 158
854 400
569 32
309 95
221 877
203 814
596 847
78 674
544 738
639 875
640 309
471 561
865 826
860 388
637 128
680 625
358 448
661 722
114 673
812 930
227 386
688 656
653 610
69 619
895 979
986 989
773 267
56 282
204 946
188 303
777 350
283 5
631 874
373 918
209 925
178 164
877 486
133 610
32 247
13 118
948 567
861 786
239 674
840 606
496 734
410 162
107 449
933 310
771 167
311 230
157 827
956 249
652 226
98 747
224 167
903 307
634 265
901 798
439 243
707 579
963 493
376 209
481 926
628 847
90 872
880 609
424 845
813 83
851 352
581 951
966 627
550 882
702 725
997 903
160 748
72 424
695 192
310 870
628 229
228 811
67 111
547 857
591 384
109 110
926 191
730 804
358 557
571 335
803 688
368 557
384 770
668 530
725 623
656 990
199 376
497 24
25 641
264 967
446 467
730 70
693 885
290 551
592 107
622 329
223 135
904 311
354 338
872 139
191 357
892 214
144 764
330 731
592 250
97 700
817 911
394 680
18 108
161 159
830 151
317 338
348 22
215 428
675 850
657 835
565 330
472 55
971 47
98 177
505 177
424 73
903 851
248 397
688 922
808 239
908 766
990 251
757 788
6 905
982 459
809 203
421 693
443 965
624 691
503 793
736 384
109 642
292 166
597 669
546 641
139 349
527 710
400 711
735 611
701 719
465 303
391 195
102 207
876 571
434 610
12 267
894 83
152 190
729 867
30 163
174 659
703 664
871 982
474 472
464 710
55 467
524 396
584 127
108 869
608 357
574 542
479 990
445 602
997 157
278 408
275 7
372 733
47 619
639 973
844 151
661 455
954 691
42 425
226 730
82 918
765 755
837 774
569 88
473 51
238 877
124 758
259 680
562 819
651 590
412 90
828 611
34 580
238 988
665 862
886 984
456 990
669 894
85 119
216 250
50 308
202 174
916 969
791 719
32 220
195 888
179 31
108 463
922 701
886 250
961 209
924 451
238 681
331 505
978 628
795 86
779 565
818 973
572 316
334 603
283 747
567 635
749 628
163 273
442 440
279 351
523 813
249 946
196 751
69 103
988 323
400 988
780 119
35 184
552 494
291 2
555 817
455 783
617 520
690 324
942 284
444 915
774 492
496 851
357 158
429 257
656 459
175 877
570 257
868 622
907 90
439 985
68 997
897 241
293 984
185 199
516 909
519 94
850 819
86 769
492 552
811 164
831 169
981 540
733 663
631 428
833 541
946 788
13 683
582 932
252 479
589 948
168 922
29 129
503 206
929 915
605 930
252 334
476 890
682 189
442 966
547 755
279 260
511 165
484 649
553 680
221 554
207 619
299 532
269 372
990 774
387 249
868 486
730 451
700 687
484 921
191 736
957 425
743 472
984 505
767 470
839 837
382 816
862 510
459 569
923 150
157 902
583 320
603 782
236 685
37 300
61 460
517 797
406 243
482 621
11 705
213 747
330 393
97 386
940 706
44 399
944 645
413 606
435 580
586 198
220 72
991 973
427 686
249 680
106 99
112 720
866 553
560 836
577 954
907 233
638 29
716 895
880 725
985 261
261 444
954 623
361 192
915 595
458 938
870 323
394 238
270 565
107 885
91 104
73 549
682 605
111 101
223 639
264 718
764 817
929 236
625 575
458 652
574 673
117 826
902 872
38 164
337 650
889 847
471 579
341 963
242 265
268 995
53 367
492 321
419 255
886 913
999 658
982 420
640 677
570 554
167 424
377 728
579 952
946 493
599 421
468 921
565 373
235 894
588 954
425 938
632 974
527 809
325 897
708 319
511 938
297 224
944 869
607 531
69 396
14 263
821 701
623 769
662 755
419 169
294 535
425 836
807 707
411 489
948 560
350 270
546 779
61 910
865 199
978 350
652 227
504 41
657 307
624 298
609 218
496 957
595 411
478 765
541 961
763 849
20 644
334 476
357 837
761 490
34 296
339 571
557 60
172 94
249 565
194 330
489 486
399 401
720 614
422 530
461 120
881 949
663 929
722 159
595 983
802 7
825 862
664 812
405 514
889 588
973 756
411 762
587 129
273 765
497 31
150 937
322 66
659 193
878 55
937 423
129 738
26 846
687 535
320 431
262 582
692 447
116 798
937 304
912 754
342 867
420 937
217 260
800 71
965 627
36 665
327 138
277 657
459 786
667 489
759 135
786 505
917 865
870 643
786 264
473 515
992 541
681 216
373 26
391 399
568 688
610 604
338 274
528 366
469 664
808 14
884 825
740 805
799 304
197 238
550 546
663 257
614 369
729 701
15 886
225 366
211 303
124 596
965 378
915 685
55 486
560 780
928 800
11 68
231 737
717 346
774 291
945 855
712 38
604 204
9 500
36 602
985 979
665 737
155 959
617 248
696 649
143 150
492 596
744 644
369 487
893 460
864 574
42 406
260 481
245 21
7 596
392 375
473 50
990 521
419 948
355 50
981 970
963 691
13 616
587 335
860 857
883 680
670 462
783 245
821 930
571 947
819 458
790 659
574 42
723 748
988 419
910 232
74 328
912 237
715 449
532 48
541 581
763 477
88 211
378 406
224 546
576 184
739 340
270 899
762 270
656 159
197 49
328 288
236 729
757 9
174 227
233 357
840 475
876 393
723 6
735 413
569 989
56 648
771 557
211 468
524 339
224 829
977 401
775 98
197 518
93 597
684 24
45 466
622 436
208 883
203 550
295 14
977 179
119 330
212 856
674 117
272 897
185 416
424 936
596 966
284 428
180 109
40 728
717 663
687 394
41 306
498 971
164 710
551 474
152 629
132 46
778 632
507 1000
308 751
312 746
520 399
539 381
425 77
193 185
602 279
1 878
557 709
630 169
541 440
156 858
322 590
127 225
398 907
40 163
663 133
576 789
328 182
460 704
246 209
230 217
896 876
92 719
19 707
97 167
101 663
191 961
486 979
639 235
221 244
770 252
348 784
738 168
444 291
641 585
399 873
515 176
820 502
262 467
779 711
187 924
310 463
921 154
150 356
45 114
520 687
376 183
283 901
233 210
434 555
200 907
702 940
793 80
352 160
764 765
768 644
182 36
580 159
907 121
176 205
471 30
897 163
935 687
497 903
977 509
586 667
437 11
204 266
152 405
225 737
47 716
29 977
641 215
509 681
443 442
3 990
902 222
907 692
466 668
621 744
252 397
315 833
906 356
601 580
748 749
674 776
660 843
425 382
882 746
477 562
669 948
910 390
200 893
38 77
496 20
979 173
631 70
632 864
321 991
375 260
415 637
400 458
494 833
575 327
680 666
320 145
361 811
473 949
992 643
682 323
903 873
210 576
282 853
924 260
982 758
382 962
403 783
945 396
908 784
69 284
605 506
326 133
866 902
583 295
822 613
219 720
435 527
421 608
136 912
396 418
674 478
735 521
79 245
137 854
428 643
33 901
783 903
371 171
82 74
642 168
886 118
541 658
119 718
346 358
970 636
37 771
6 210
444 779
564 792
360 342
26 167
665 411
7 828
877 576
570 24
128 507
367 226
506 578
413 22
553 811
128 362
481 768
208 56
40 50
752 645
842 999
520 892
218 117
777 188
707 447
51 387
659 192
860 711
475 611
518 389
687 534
669 999
247 31
428 859
947 765
561 942
507 178
952 37
212 878
166 35
403 367
646 473
540 884
977 566
170 240
564 114
589 125
62 355
778 560
675 852
433 545
574 379
363 288
736 838
902 657
562 766
1000 527
984 148
105 941
558 626
100 656
249 186
178 70
822 807
416 575
37 129
352 701
376 307
66 691
326 225
847 257
704 49
11 699
288 744
257 799
170 772
831 866
334 398
487 660
129 502
367 322
386 479
82 46
634 515
727 546
563 517
270 801
72 232
381 98
842 500
76 720
148 197
347 450
533 214
402 568
115 59
11 212
641 125
238 311
918 515
8 942
229 144
927 979
677 908
863 977
683 375
422 281
445 600
337 823
599 955
802 411
507 387
380 115
881 690
789 655
481 812
464 446
47 629
583 615
440 170
290 726
440 55
269 537
976 25
761 853
851 811
263 745
432 399
682 199
27 390
950 988
222 295
632 809
218 406
679 263
501 229
66 834
276 368
131 130
913 555
44 865
207 439
415 371
231 269
351 102
717 690
421 373
672 285
841 442
92 740
754 697
97 154
443 882
31 923
899 423
663 70
88 498
396 411
291 183
908 656
524 927
548 21
597 544
871 129
776 871
742 438
837 359
438 503
77 269
24 423
868 616
379 557
147 419
119 551
320 812
11 321
941 246
144 935
470 166
472 147
36 669
635 570
872 408
925 178
353 476
12 877
52 258
894 521
808 928
751 896
418 436
358 256
683 480
333 798
649 336
963 880
68 532
87 280
74 937
452 205
954 597
369 19
152 711
543 517
361 825
824 185
454 916
757 741
574 997
633 421
904 241
392 37
218 507
543 827
322 429
434 307
622 864
74 282
551 284
19 375
807 758
649 236
669 753
691 425
450 521
462 638
500 721
329 424
922 671
135 670
376 991
800 255
654 206
876 42
969 664
61 210
120 658
778 810
304 617
340 415
752 119
400 28
277 518
583 322
144 17
741 439
112 357
679 879
573 232
296 876
904 619
932 89
805 981
755 598
990 467
738 280
131 698
244 209
407 537
396 270
658 697
163 109
236 589
41 585
975 458
758 974
289 711
561 19
968 491
426 284
759 821
996 473
651 238
690 584
323 113
529 718
215 167
767 586
971 781
738 272
975 665
821 259
493 338
994 857
920 108
59 520
498 40
464 88
392 389
545 321
928 567
546 250
863 553
39 91
890 649
997 211
502 595
211 857
87 335
15 402
556 854
640 409
215 747
346 886
591 607
833 360
545 28
798 702
380 409
347 576
520 334
773 100
612 220
596 697
65 183
417 641
251 172
749 101
397 336
550 158
915 495
899 914
322 433
86 350
752 294
843 113
915 348
520 428
204 941
597 66
265 567
748 178
325 911
930 803
627 629
274 703
60 236
758 511
117 493
763 279
502 694
452 518
19 625
22 784
357 655
642 357
680 944
942 464
880 204
796 815
639 142
903 430
3 240
19 847
885 943
102 300
220 191
420 297
3 323
483 983
600 261
619 483
89 376
24 705
256 444
106 69
695 63
145 903
404 148
632 5
641 487
298 514
183 980
742 201
68 936
309 202
414 180
591 284
918 612
4 653
216 822
397 863
676 574
988 760
212 802
697 154
648 626
543 334
869 444
928 450
694 825
772 723
366 414
834 948
621 348
566 487
755 426
114 286
99 398
857 382
97 689
938 25
540 885
688 544
708 675
677 444
661 755
166 281
297 32
504 540
838 641
637 998
880 407
700 738
520 72
739 92
5 640
7 411
541 462
725 284
930 839
182 788
292 380
978 911
779 834
26 670
715 436
165 859
738 15
810 384
780 360
641 918
14 656
429 650
885 125
504 216
932 2
831 796
960 219
687 280
458 321
908 27
693 987
116 491
770 84
168 510
693 844
771 930
629 154
46 370
180 928
453 404
555 756
239 135
349 707
532 105
110 400
937 948
77 249
557 175
529 552
979 677
30 49
784 469
567 506
254 979
872 302
271 862
440 474
722 980
354 672
694 874
129 546
424 974
5 159
668 625
912 931
329 887
365 113
369 118
463 740
584 687
624 842
109 108
240 485
368 298
887 157
872 234
726 5
78 168
910 460
251 529
843 987
647 60
347 648
700 663
304 913
718 50
416 783
734 643
238 594
207 513
943 509
302 495
74 374
827 668
644 62
527 791
689 659
728 199
772 193
948 468
758 39
481 457
634 241
175 231
951 676
257 600
597 860
526 344
163 274
390 559
301 384
874 450
837 222
857 560
73 563
534 214
205 988
135 889
447 571
853 548
396 363
555 818
97 468
888 457
962 976
981 368
824 945
89 888
128 888
880 605
370 391
650 725
244 412
764 731
671 121
140 759
366 939
955 218
812 193
870 459
543 51
489 444
16 572
644 358
404 51
833 839
279 909
820 635
254 975
916 86
686 568
38 489
698 208
898 728
501 429
370 75
777 793
741 40
836 380
768 61
609 942
63 397
86 998
398 418
147 94
998 683
892 170
787 46
587 365
697 285
403 678
192 723
673 260
678 23
130 537
517 411
424 486
254 326
762 876
579 622
545 962
213 180
46 882
549 778
911 695
623 633
421 391
723 635
248 601
714 858
903 660
272 65
213 918
678 320
205 806
117 214
46 238
767 416
788 795
538 334
832 943
603 876
533 585
326 953
420 310
224 159
775 764
862 335
872 795
432 492
395 240
839 757
382 96
789 288
775 781
832 845
623 198
466 199
915 249
625 826
555 687
239 334
955 137
802 327
449 792
965 304
236 876
77 304
594 90
722 39
22 459
391 810
408 459
807 482
901 617
30 9
393 979
327 718
954 788
149 502
261 236
432 534
824 376
642 697
186 621
6 304
872 4
303 406
134 70
237 110
42 108
616 9
545 19
428 881
765 696
752 633
863 351
830 108
887 69
263 771
665 795
578 76
798 601
635 141
730 307
951 857
364 21
536 616
875 419
171 627
783 348
507 615
365 637
296 156
674 963
939 690
999 962
691 53
966 137
329 212
862 78
19 624
867 340
232 937
429 881
175 381
676 310
825 341
457 120
904 697
13 159
532 929
425 619
6 878
469 882
805 968
704 245
92 98
607 77
63 547
29 591
927 74
788 652
607 722
7 24
840 243
660 326
128 223
719 805
686 406
923 800
486 392
270 613
202 851
646 768
651 922
125 15
711 810
893 195
551 957
592 690
935 290
99 578
831 157
854 726
432 931
363 841
454 672
206 211
578 150
851 672
883 181
126 681
363 742
860 594
312 104
406 822
703 36
355 906
841 11
195 725
505 872
691 597
587 676
548 934
397 10
166 33
596 734
653 561
730 512
347 29
277 813
505 196
195 896
752 323
712 748
464 943
925 558
620 330
539 212
978 908
155 175
47 501
322 692
978 543
10 797
268 85
839 782
509 487
572 139
718 988
3 128
245 477
709 302
654 417
415 407
40 411
884 374
227 975
999 85
675 355
126 195
897 813
491 962
111 629
796 737
339 374
264 330
658 766
20 667
115 799
261 735
449 855
124 599
141 613
318 281
250 889
841 826
569 282
57 267
519 481
958 579
617 963
979 676
382 785
910 998
486 436
859 906
626 915
870 609
279 985
216 787
967 672
271 857
937 853
127 125
565 837
949 38
20 334
161 496
848 86
189 450
688 495
997 379
252 294
860 677
990 524
147 946
646 296
725 578
748 582
179 325
492 132
644 281
60 448
194 217
794 173
30 940
474 193
790 662
208 610
706 481
444 358
528 897
530 51
184 395
294 880
443 662
1000 621
368 247
26 357
19 919
451 752
767 318
235 89
877 426
330 191
314 536
369 659
322 194
580 851
687 217
748 409
662 504
783 682
788 768
476 244
680 185
814 246
747 83
896 673
145 659
704 142
640 188
10 531
48 587
505 653
608 874
914 745
40 742
584 365
849 528
791 365
426 739
45 11
162 297
393 587
177 492
231 689
76 935
115 104
888 168
430 665
604 60
417 206
422 601
647 16
279 908
893 26
911 431
492 661
592 747
190 340
566 19
368 538
534 637
811 152
578 677
836 381
105 269
751 898
510 820
574 649
117 802
522 44
742 579
492 458
493 31
310 767
683 115
392 88
673 492
714 647
660 817
180 31
433 839
275 939
95 908
140 562
136 93
191 441
673 426
86 193
815 372
907 841
51 155
182 947
952 846
271 486
204 907
633 527
118 193
875 454
617 303
145 51
473 862
284 811
757 950
23 438
612 247
389 696
726 883
529 469
182 733
93 270
844 714
24 811
154 434
62 539
969 963
840 653
164 207
350 225
188 213
779 538
961 979
67 796
835 934
822 924
418 622
753 529
960 149
870 936
383 539
729 472
487 759
850 316
46 457
650 364
20 890
962 821
520 699
335 986
637 358
933 814
860 11
327 211
519 408
99 843
478 950
319 374
546 278
86 583
418 851
862 856
388 573
637 72
583 855
966 810
590 70
756 362
760 877
744 274
696 755
232 198
638 882
384 827
834 831
232 85
485 397
507 77
500 668
863 696
960 841
299 313
66 452
263 674
655 172
468 109
114 504
21 924
333 602
85 201
985 347
783 8
972 119
834 112
942 674
820 3
749 99
19 292
152 963
618 858
89 424
731 617
554 226
79 525
904 973
722 940
744 652
943 436
819 250
468 20
640 967
455 766
539 203
834 389
283 393
369 714
244 994
728 47
529 66
404 594
187 322
560 728
353 62
834 282
822 632
509 435
273 413
718 569
870 852
942 65
641 682
797 807
853 987
999 581
608 786
224 43
196 449
966 741
253 1
862 933
441 143
993 970
816 77
881 937
167 806
217 511
567 257
290 495
879 19
898 750
224 599
468 230
694 908
143 190
384 775
612 269
25 539
854 326
256 449
20 282
540 593
815 601
281 818
587 726
678 739
237 81
476 911
156 500
919 527
333 638
504 141
262 570
484 766
69 808
507 183
754 204
293 464
521 53
118 367
433 725
658 390
237 371
204 892
464 529
150 83
212 343
286 954
14 453
273 61
790 634
705 82
358 907
508 650
325 865
679 578
875 541
161 881
758 72
762 135
546 952
298 896
736 534
420 105
757 128
745 712
706 606
671 720
309 959
680 61
921 950
202 290
761 54
559 367
528 497
656 198
840 419
782 522
714 452
219 942
384 409
516 594
165 524
163 491
248 78
766 432
987 421
495 890
379 9
303 129
943 738
927 41
987 466
281 831
92 246
366 909
604 582
77 358
85 875
836 213
432 147
254 838
534 372
722 236
408 92
281 466
705 534
730 739
177 673
560 110
542 146
465 238
104 954
927 988
566 52
989 691
855 792
891 397
366 282
364 523
916 402
981 756
108 512
200 587
807 24
227 240
32 388
547 551
15 69
18 171
860 678
209 540
601 818
817 861
731 691
697 263
493 860
131 489
389 929
804 959
961 667
274 483
38 392
297 2
746 915
451 981
52 796
865 583
518 529
634 140
635 445
717 687
938 684
961 837
981 266
841 447
397 201
358 494
629 312
431 428
992 127
390 511
774 820
245 432
966 496
439 16
300 826
159 113
287 76
186 87
644 515
24 358
271 520
957 580
283 957
638 155
609 119
556 410
654 847
659 867
520 486
201 485
366 937
607 789
169 216
903 925
301 834
380 861
418 126
807 504
77 155
168 649
388 602
582 620
108 823
215 13
573 871
959 402
816 996
724 757
229 177
217 601
396 824
169 734
497 249
629 688
599 88
640 1
866 206
864 623
702 323
816 706
545 388
842 583
638 561
995 910
475 575
994 517
669 59
872 185
412 4
933 998
644 367
352 845
834 109
851 953
952 224
381 794
424 345
463 536
356 584
433 541
394 877
859 853
680 554
876 781
647 778
266 27
456 985
112 72
494 837
723 637
83 666
669 639
891 819
527 833
708 9
44 727
459 765
942 328
100 683
212 109
516 357
809 245
350 279
297 425
639 151
399 964
420 417
757 120
480 156
724 119
693 992
325 492
216 812
365 987
619 504
158 644
567 888
269 533
435 725
475 256
665 240
707 621
434 551
830 854
955 139
379 367
318 601
465 507
380 754
524 427
974 4
119 663
543 17
158 49
128 100
510 484
134 78
176 336
986 321
991 694
798 99
869 52
871 618
621 595
994 150
461 258
375 220
198 799
380 182
897 498
189 408
560 276
834 943
427 271
412 249
986 18
734 940
476 932
954 628
579 129
997 434
896 802
848 480
237 509
863 345
170 438
834 113
496 8
494 519
303 103
985 116
14 494
471 813
924 152
563 339
406 330
148 907
293 238
187 615
973 892
637 93
338 521
778 400
503 323
505 8
913 17
142 509
5 587
908 780
58 619
24 951
222 830
649 632
726 638
710 19
527 635
23 808
724 139
600 153
93 932
844 860
776 708
686 75
908 449
129 604
840 279
676 101
233 41
771 843
386 503
336 566
580 473
428 94
289 736
571 246
21 25
25 222
813 77
728 539
712 928
510 433
112 832
443 488
392 582
157 346
837 744
250 978
300 326
708 91
979 27
267 919
107 852
271 839
954 839
521 184
376 659
674 70
588 384
293 620
989 83
4 721
928 453
748 702
437 269
935 2
574 838
315 865
110 757
122 897
838 843
30 660
590 492
394 734
388 86
687 530
670 324
450 827
895 671
470 318
331 100
848 138
852 578
108 338
92 847
809 881
408 950
65 1
215 431
16 815
476 605
256 782
148 943
814 476
62 577
658 824
683 663
746 513
552 342
931 657
456 719
718 747
974 529
667 187
961 922
490 466
642 503
129 296
974 896
425 581
300 855
67 612
55 223
610 274
149 918
79 213
482 641
780 216
89 865
698 945
920 491
884 36
131 516
633 348
524 213
46 369
340 918
533 865
182 113
276 510
906 789
618 27
929 476
860 204
917 115
868 634
102 779
811 801
43 187
315 574
430 612
707 208
394 163
76 257
831 179
708 206
949 36
897 393
937 740
275 13
29 6
527 315
12 980
101 176
843 766
293 657
479 250
830 875
898 900
204 131
759 467
707 300
782 286
787 132
458 306
118 328
563 493
618 768
236 131
199 9
865 725
477 743
579 631
472 25
731 918
478 211
814 393
860 152
450 592
361 995
255 391
899 141
810 464
748 4
770 866
183 731
274 533
974 706
153 924
207 209
250 372
616 829
583 491
245 860
315 33
64 367
637 638
493 653
270 999
770 55
241 853
311 85
427 696
824 948
576 377
551 656
254 784
76 752
993 896
522 406
641 44
292 644
333 112
724 647
769 291
747 558
254 559
751 174
110 290
138 241
144 251
42 341
467 928
394 470
786 596
159 746
981 663
428 761
88 602
643 882
626 230
496 686
815 528
228 350
263 713
89 176
922 902
398 80
331 95
995 180
961 484
9 983
997 494
104 339
584 605
14 96
252 699
622 575
865 640
972 220
757 658
902 563
230 818
105 480
575 662
812 836
635 491
304 783
302 270
196 885
568 416
622 727
93 411
98 115
939 587
231 624
341 895
884 553
541 548
213 915
1 515
130 425
24 860
166 555
494 932
338 324
339 101
585 861
235 212
843 405
336 813
957 645
923 285
999 14
440 891
110 642
805 930
590 648
188 932
742 455
428 123
343 264
434 548
185 922
215 748
429 351
638 7
769 458
550 841
845 855
940 109
158 54
548 378
162 45
992 356
484 128
546 135
271 149
56 903
247 602
495 256
812 454
635 621
513 426
792 170
232 738
560 390
1000 205
410 961
30 302
177 970
877 889
668 271
517 824
510 854
169 586
422 436
632 536
670 222
720 12
949 397
218 185
668 299
83 893
543 997
912 893
179 270
398 44
909 905
905 110
706 5
445 189
674 999
127 477
308 345
653 212
448 428
657 856
446 503
307 99
810 374
5 680
999 622
305 582
506 193
827 729
184 581
293 237
611 126
829 43
31 569
177 432
148 891
354 220
946 88
782 786
358 147
102 337
249 899
66 731
303 666
931 837
71 590
615 909
853 616
920 296
124 991
175 717
804 179
366 516
37 556
958 398
98 970
779 106
253 174
647 180
685 1
28 976
158 899
395 511
685 914
776 946
101 219
661 794
250 979
107 966
290 122
57 349
8 951
6 102
411 60
889 760
284 604
11 316
996 223
144 913
911 278
18 419
882 162
111 244
651 893
711 581
342 590
649 364
6 275
346 854
354 365
821 807
401 228
661 37
259 706
42 222
833 249
838 618
913 321
501 189
806 20
943 485
800 93
126 699
843 17
991 425
298 390
246 112
636 968
929 552
126 522
100 555
933 96
112 116
991 318
705 193
62 582
174 892
856 83
710 338
213 986
269 920
531 445
291 928
734 84
662 657
671 589
571 617
556 130
866 935
67 982
178 421
287 197
804 497
900 556
405 394
499 291
961 522
780 74
709 444
57 760
163 88
883 457
872 854
559 734
690 347
124 995
714 341
736 229
111 743
583 224
33 533
362 971
845 910
228 912
805 38
380 827
401 858
902 494
542 769
615 373
529 650
348 392
959 376
693 268
223 445
890 562
671 453
12 838
890 717
156 281
30 358
592 959
412 34
878 469
290 578
556 681
952 363
123 52
810 44
738 115
590 221
967 118
915 299
772 96
313 637
762 852
695 552
123 274
568 389
208 43
330 984
465 823
511 104
408 689
248 432
344 835
416 592
183 730
956 90
481 62
583 262
525 203
999 148
286 705
657 467
287 296
455 998
631 585
375 108
283 657
785 311
737 990
745 571
46 432
350 977
835 128
296 808
36 349
439 816
84 577
129 696
875 726
234 210
306 711
309 292
951 149
699 100
707 913
708 510
546 497
784 422
99 374
937 916
409 615
638 970
696 991
919 909
632 287
7 771
465 200
67 44
267 990
38 927
42 338
405 580
930 229
470 42
647 320
281 895
413 856
967 935
53 227
700 866
868 56
890 592
372 943
378 300
612 854
566 419
215 691
4 968
194 458
929 773
808 594
402 255
477 601
665 771
777 473
687 698
972 110
504 745
963 546
450 659
402 270
980 414
523 826
174 730
50 284
127 286
366 544
852 857
155 251
174 837
156 848
933 56
348 712
535 340
404 714
870 589
675 625
415 330
547 232
26 247
410 86
415 982
486 981
382 138
678 471
331 760
870 943
942 40
512 801
175 443
141 375
405 450
228 763
580 592
38 123
552 433
129 384
602 337
848 819
561 389
409 944
478 792
443 337
401 913
305 417
931 373
147 450
112 949
370 137
405 902
924 666
118 229
15 763
896 123
556 45
354 757
906 12
545 324
447 108
986 510
398 951
685 736
752 671
204 486
901 408
243 632
981 682
674 770
986 16
952 416
440 244
543 996
485 620
234 940
616 746
908 548
406 520
65 138
99 901
589 420
623 443
868 819
496 10
848 831
531 194
294 812
8 133
395 711
786 396
94 73
188 406
942 763
123 587
499 552
460 738
687 45
853 277
330 242
793 762
844 691
137 750
235 179
753 562
426 900
813 280
728 848
413 650
813 572
182 329
898 54
457 862
629 16
858 352
978 488
676 103
932 457
127 711
440 903
296 619
944 311
85 995
709 249
547 146
219 869
93 836
59 988
651 176
104 675
548 264
167 958
497 980
704 518
524 273
730 522
909 713
215 70
826 25
76 392
239 76
976 902
315 532
121 869
826 136
848 320
261 187
493 870
232 59
532 90
64 218
440 434
86 947
596 772
423 872
640 378
678 356
536 827
812 600
463 700
389 825
428 849
982 104
787 106
866 497
294 110
599 465
360 566
435 4
906 605
517 78
763 232
434 244
424 418
446 535
331 469
889 291
227 644
36 870
40 97
563 971
379 982
70 77
145 282
273 493
183 870
116 315
347 395
800 455
176 726
589 836
943 905
983 588
474 620
555 973
59 26
866 646
392 951
107 758
219 976
914 784
332 721
296 583
371 141
723 480
109 434
456 141
42 970
206 121
79 501
10 300
873 476
487 624
806 824
717 339
116 878
614 37
393 781
983 240
253 403
860 381
318 560
298 882
9 509
746 372
554 688
217 578
295 99
243 274
991 901
702 426
777 881
760 535
119 236
122 560
393 120
13 703
656 818
787 424
366 447
126 21
703 68
172 524
946 763
599 366
165 341
518 347
212 656
748 578
584 547
549 575
87 592
365 142
541 139
787 247
22 512
572 844
563 284
31 722
70 892
914 142
943 105
511 107
338 832
799 622
856 48
245 660
715 343
643 242
411 470
948 759
255 231
718 709
278 58
151 296
512 838
339 525
269 669
163 486
55 140
202 320
300 821
525 428
345 932
676 40
35 160
272 286
129 443
718 487
495 810
137 539
486 155
822 321
805 541
684 354
478 847
284 880
546 415
613 751
972 264
822 99
409 614
630 939
43 153
105 792
814 630
676 627
147 135
125 613
480 908
526 641
375 245
17 919
280 45
20 366
332 8
315 826
380 284
420 699
343 439
683 119
21 900
995 297
582 912
543 515
621 287
915 104
611 281
702 160
575 434
688 542
669 655
88 890
341 8
806 194
331 46
522 669
541 367
834 155
873 679
13 790
99 171
563 376
329 338
455 278
254 464
739 411
153 604
265 622
630 211
287 382
183 825
75 912
776 461
746 583
305 907
35 382
461 520
524 810
192 259
430 253
123 893
500 612
898 83
681 321
837 78
697 635
110 640
332 650
614 304
270 880
112 712
334 123
319 493
466 851
613 161
548 277
436 527
360 52
917 981
323 200
206 945
471 23
774 226
423 400
104 911
142 584
107 877
819 392
650 70
572 315
704 729
483 458
47 725
484 17
323 149
57 33
241 268
439 731
326 136
949 26
932 840
225 830
777 137
885 936
778 338
817 696
750 110
57 771
427 401
85 213
568 241
971 220
114 327
96 966
578 470
173 786
122 842
732 561
144 536
277 788
574 26
743 641
583 984
515 584
18 912
460 573
173 564
579 561
89 477
667 434
869 824
504 996
602 613
92 571
738 101
386 910
95 416
61 240
335 465
47 333
922 854
236 378
422 432
460 882
505 367
14 553
934 590
353 931
596 89
505 728
838 234
400 796
419 8
159 884
150 168
880 523
874 901
818 465
150 394
151 548
698 250
686 411
983 239
253 398
879 430
37 925
632 233
371 895
797 359
696 518
159 398
613 788
931 142
775 304
517 168
502 518
565 876
180 270
398 71
138 774
367 969
902 844
817 676
639 929
855 868
290 572
887 183
946 679
673 485
378 357
420 578
648 805
133 291
682 159
908 751
285 616
382 692
312 826
648 180
297 42
891 104
265 708
221 667
882 613
649 814
293 473
193 378
602 726
415 751
52 683
458 78
960 388
144 177
495 706
496 356
994 255
724 468
706 555
526 326
620 101
804 364
883 685
738 248
27 797
410 143
999 195
512 891
361 699
434 825
698 602
866 788
775 690
600 376
620 779
503 897
70 364
788 591
805 919
610 273
79 214
45 34
548 79
823 215
236 915
846 364
297 785
138 279
413 911
140 713
718 170
349 733
850 34
524 167
675 213
953 475
664 866
807 767
927 843
470 802
860 382
937 975
348 394
685 773
672 376
55 525
427 170
994 906
43 90
997 277
712 411
752 728
545 109
587 758
734 619
971 279
702 133
652 938
191 384
583 642
89 202
164 540
735 327
536 903
839 5
342 903
92 814
626 306
844 509
217 270
195 867
129 20
903 793
460 581
732 749
623 720
239 783
754 545
353 152
406 386
5 619
987 985
236 307
678 350
630 103
481 60
944 948
47 564
178 500
520 192
420 393
611 918
850 450
227 897
106 850
789 421
202 321
439 108
797 890
67 581
537 973
4 628
16 133
182 310
790 49
573 447
426 748
119 873
915 976
448 624
789 135
148 369
543 168
193 940
407 947
270 772
346 438
254 791
326 640
681 919
443 420
797 525
300 491
855 379
868 784
567 423
988 920
849 326
704 591
851 400
210 504
907 418
924 438
519 81
371 823
941 767
284 646
394 322
968 803
309 117
238 71
519 230
851 750
319 908
73 786
102 487
904 410
374 344
561 517
533 498
882 123
722 528
389 239
851 972
138 929
454 911
916 656
424 718
795 961
812 545
852 534
75 69
829 290
80 495
321 971
162 997
252 549
971 17
972 302
260 882
27 153
201 670
255 471
202 161
114 917
724 302
433 499
580 813
28 404
305 825
372 427
880 179
431 654
403 872
210 886
384 678
452 719
509 426
330 303
206 506
776 605
546 879
413 676
88 469
913 740
552 36
437 281
672 909
529 788
380 552
149 815
2 908
727 827
600 479
927 92
89 862
902 829
384 244
702 852
386 414
261 530
979 773
289 841
762 352
71 939
242 747
691 570
577 802
686 380
485 69
54 250
347 108
722 176
980 776
929 266
396 841
453 648
264 759
707 173
324 763
982 32
176 434
931 920
806 434
309 250
546 747
870 169
284 392
268 773
910 364
379 10
161 435
159 856
290 537
94 499
242 318
337 464
969 24
493 911
260 48
530 872
657 972
341 43
549 381
291 730
458 329
249 324
47 249
970 492
878 749
205 702
956 847
114 550
800 163
621 181
808 366
865 387
94 79
810 260
369 636
633 671
101 977
71 88
527 929
767 364
115 717
459 591
779 940
931 761
269 962
1 620
787 637
862 451
884 703
170 921
807 796
1000 840
625 621
408 393
202 665
296 734
426 789
724 774
282 273
512 958
390 462
141 490
77 492
797 979
559 692
837 434
236 831
845 999
681 606
96 234
922 336
7 22
229 386
249 572
729 842
219 148
914 972
650 358
284 552
301 902
841 657
29 796
142 549
159 393
822 219
695 331
76 281
423 699
243 312
839 253
673 809
74 822
310 926
518 83
481 792
704 853
526 638
194 255
868 315
731 396
308 107
848 96
170 116
298 65
691 554
449 427
654 32
414 635
207 460
712 935
372 993
284 3
782 262
251 208
324 780
916 584
575 501
599 467
17 265
701 319
62 363
249 352
446 650
147 747
166 261
947 16
899 149
260 985
173 424
908 861
800 318
144 178
563 81
857 684
1 584
348 801
337 624
547 453
430 203
123 951
15 757
163 460
700 61
538 128
387 756
945 130
12 223
674 472
681 23
139 826
409 401
997 638
420 205
942 209
746 958
659 989
509 180
295 473
337 355
728 588
107 633
328 122
3 578
936 732
831 584
444 219
311 467
712 960
868 707
595 781
105 249
931 271
860 383
163 921
845 237
148 35
445 767
945 735
919 981
508 65
835 87
828 780
959 458
428 386
177 902
44 651
19 558
766 599
147 218
403 68
497 161
388 784
601 900
48 516
985 357
821 151
539 586
578 492
463 658
677 771
622 989
424 354
642 336
632 817
227 119
155 498
999 717
910 70
535 623
460 503
320 162
92 990
143 706
330 967
848 904
136 276
246 83
196 940
32 837
651 885
895 866
813 555
829 172
317 828
320 64
66 636
692 984
291 833
787 580
573 107
847 380
574 412
633 960
727 922
486 812
583 342
655 892
813 110
44 526
100 33
782 632
491 791
89 603
673 393
638 475
14 913
754 994
666 64
33 581
362 923
604 625
495 165
131 612
261 573
978 65
491 779
270 773
668 1000
261 590
854 967
102 856
505 866
87 448
453 514
239 17
793 157
498 429
651 75
868 727
238 475
738 803
669 11
566 21
205 735
792 82
669 276
138 844
546 65
255 781
223 291
460 87
318 77
180 118
410 972
359 944
437 754
759 435
194 457
178 962
532 481
593 661
761 603
497 420
635 126
484 514
566 704
326 357
53 563
293 100
98 156
351 818
305 606
434 186
680 702
473 928
183 533
79 676
351 835
778 835
412 709
786 310
71 320
240 964
86 214
887 674
746 562
362 315
821 720
970 58
701 954
425 743
559 460
528 175
913 842
718 551
577 741
460 991
64 464
193 764
490 22
664 671
809 410
295 643
962 924
989 247
788 512
892 381
348 15
498 582
510 301
724 850
48 211
598 895
767 796
70 452
220 497
258 722
465 510
484 430
486 276
436 521
555 565
742 37
287 722
128 121
20 959
873 43
178 36
557 257
150 697
7 864
863 11
544 4
181 29
256 332
310 947
630 804
725 592
85 497
731 419
697 247
902 701
975 820
63 430
446 34
397 480
868 223
636 83
213 398
143 716
569 158
18 236
222 780
114 325
425 246
812 518
353 553
296 357
484 223
683 971
354 167
801 492
86 342
161 525
347 870
350 75
624 920
951 967
917 851
739 390
317 243
669 606
156 695
31 549
480 585
594 723
668 806
670 952
965 840
558 825
317 981
619 189
545 690
395 823
782 641
54 178
110 832
678 502
663 390
97 75
631 562
641 684
34 80
386 962
791 290
651 471
541 983
747 174
408 694
343 699
969 248
399 709
846 278
465 329
798 405
943 724
254 221
339 990
271 840
750 605
183 368
522 426
922 448
500 756
229 18
655 714
762 92
766 203
694 100
343 14
549 127
701 121
186 327
885 711
600 793
547 834
570 33
458 839
129 941
363 865
655 1000
542 205
381 409
552 891
835 236
765 371
604 951
820 951
717 240
78 538
246 648
262 685
159 831
194 414
568 143
604 725
77 627
728 469
411 899
566 537
492 564
593 733
614 961
939 489
620 306
39 202
761 508
891 769
13 173
35 589
3 228
57 729
758 467
1000 903
333 299
770 923
643 155
689 118
780 352
122 288
36 922
112 342
915 202
322 28
533 537
435 626
93 18
535 127
520 908
978 312
960 211
10 597
840 425
433 117
83 121
215 715
227 837
150 195
509 179
491 584
845 569
225 356
185 268
731 479
163 186
419 260
115 149
557 22
353 536
488 865
894 425
884 199
310 734
819 852
609 696
594 428
851 615
449 763
783 773
180 381
418 310
755 195
958 932
380 132
552 855
627 445
494 132
591 542
464 439
657 728
488 317
142 800
180 403
492 477
990 612
699 649
340 767
744 14
981 879
393 206
18 165
630 526
354 269
601 820
319 729
288 99
697 265
792 563
77 535
282 577
32 120
753 34
942 243
511 822
829 397
498 703
670 583
606 321
934 200
95 196
725 61
815 420
329 260
499 628
653 897
140 212
732 670
397 195
952 518
899 1
919 66
232 1000
999 144
737 865
3 229
478 385
260 732
524 769
73 105
571 486
438 819
663 462
192 734
563 842
233 339
909 842
125 325
452 907
701 285
552 473
970 840
317 767
836 785
824 953
572 891
704 419
245 589
419 288
543 112
205 416
890 920
428 321
447 487
209 718
932 625
253 12
245 784
907 309
674 24
533 467
368 529
593 200
854 273
215 873
756 421
539 779
578 303
209 336
228 500
835 164
838 773
342 84
859 314
996 500
950 663
403 464
811 447
189 511
411 813
673 50
13 561
125 717
878 501
630 618
542 332
303 216
15 212
403 686
720 537
84 489
677 380
679 290
621 207
783 320
970 345
364 184
978 956
248 609
464 878
710 271
368 163
89 257
389 702
370 187
354 788
490 373
365 691
791 59
387 273
80 813
27 854
306 76
766 641
801 771
572 203
444 309
987 709
842 192
112 493
857 801
997 548
357 965
852 154
715 547
185 556
112 636
25 91
582 273
654 642
276 460
605 536
548 272
141 678
719 841
561 155
944 109
106 264
987 129
359 328
808 736
264 618
300 344
177 739
560 44
7 867
66 317
674 60
329 981
972 825
422 350
8 766
635 977
73 780
664 489
481 867
578 307
191 228
345 140
137 184
311 329
912 882
711 386
952 19
40 589
937 449
429 163
728 506
393 407
344 451
809 799
458 375
921 885
204 855
815 273
583 981
436 386
735 46
117 323
304 800
265 574
31 663
303 978
640 990
236 87
879 193
494 875
922 760
62 431
87 1000
404 746
187 746
630 50
67 848
434 897
309 819
308 922
314 731
101 689
615 881
766 701
329 62
439 33
409 118
226 572
69 36
827 152
644 562
187 57
760 357
745 503
27 592
126 62
823 204
383 597
300 143
657 909
680 501
475 147
519 356
852 645
310 759
713 874
868 553
337 39
102 865
86 634
654 952
785 831
493 412
457 670
444 908
67 91
584 79
76 94
885 887
728 791
379 202
412 3
782 490
360 141
221 200
372 913
540 680
375 47
626 43
661 536
5 68
906 550
136 141
742 669
621 484
72 867
271 257
826 712
757 676
243 886
504 694
838 623
970 447
865 844
723 733
596 597
299 585
123 269
605 641
142 129
718 928
739 71
776 219
321 95
623 391
302 331
491 126
41 163
351 922
282 191
84 7
875 276
732 699
325 251
342 823
138 370
611 238
903 724
245 52
871 288
763 443
675 525
895 174
1 590
888 728
338 265
49 378
123 841
59 161
616 854
429 111
412 835
745 537
879 523
24 695
742 305
637 709
153 454
817 95
980 509
709 217
413 908
326 667
837 378
37 860
483 696
107 520
971 895
590 999
457 553
30 62
418 196
383 828
708 600
246 856
471 329
989 652
518 162
738 908
342 478
94 687
55 959
939 8
523 329
178 762
820 829
273 726
75 334
592 948
425 275
27 483
462 982
532 548
413 274
966 418
311 811
184 394
942 891
468 774
431 498
810 322
865 894
796 452
563 499
268 557
951 872
271 394
807 487
297 953
921 813
423 767
264 348
239 74
621 234
624 850
587 422
400 268
364 85
572 466
403 627
407 75
315 988
748 243
749 326
71 350
406 306
437 848
41 159
23 27
740 543
62 615
504 799
783 525
583 711
681 79
420 37
39 781
705 337
149 722
541 892
139 484
802 700
163 490
65 343
520 937
426 856
542 682
512 969
499 435
419 527
616 961
600 454
315 261
318 932
600 629
16 934
642 870
613 465
617 790
279 791
525 539
530 903
110 437
20 933
996 446
176 171
871 621
369 350
24 79
336 417
836 470
507 456
896 3
4 512
811 144
907 645
466 687
215 872
711 695
497 67
649 350
280 407
924 960
617 338
712 442
290 752
809 512
755 508
843 583
617 483
800 845
13 560
15 166
477 547
846 596
579 827
302 566
714 542
640 725
604 670
734 356
881 144
661 818
565 406
749 409
161 976
18 827
572 502
791 852
207 413
598 326
732 716
92 595
719 502
44 718
795 14
505 486
896 871
174 118
620 168
44 492
164 70
738 191
371 442
957 671
740 785
714 436
453 160
130 197
454 520
279 484
818 342
858 859
470 685
793 940
575 895
760 185
228 631
390 290
747 341
396 663
509 122
95 782
920 297
163 390
824 709
988 968
845 849
902 280
405 784
511 510
529 708
949 979
658 633
522 263
371 871
157 224
432 801
987 49
129 839
594 373
812 444
315 636
580 605
787 262
21 706
956 374
617 189
342 6
398 276
200 571
823 589
609 961
919 882
961 306
621 366
991 772
421 904
464 271
281 975
377 546
449 125
88 642
201 930
617 525
636 220
919 449
243 778
331 989
454 977
907 877
929 661
933 229
830 887
337 280
139 864
661 967
153 572
17 221
205 880
153 941
62 575
823 702
314 728
206 426
614 615
418 650
845 563
455 933
540 461
300 874
616 891
858 908
901 958
720 933
708 355
884 856
6 540
542 738
923 620
102 181
234 117
549 506
54 776
456 7
55 97
461 778
542 525
764 677
624 760
513 281
306 569
271 569
552 289
722 113
954 537
888 121
483 703
233 68
819 973
418 78
609 289
524 270
11 165
567 488
272 663
826 34
684 68
466 597
621 927
863 998
20 204
648 749
149 416
66 286
86 837
949 201
381 407
533 266
826 260
497 186
958 793
6 378
320 669
526 637
344 521
953 127
773 172
132 292
958 232
603 203
15 105
705 671
501 500
172 692
179 368
566 620
26 709
189 151
762 715
247 129
48 889
70 762
623 474
645 132
919 485
44 993
719 786
341 445
457 336
488 159
773 864
870 950
815 165
123 765
360 729
749 353
320 40
661 987
810 487
297 200
170 582
120 613
529 405
341 600
936 401
27 864
706 350
932 165
623 926
862 418
519 903
244 893
11 278
508 698
951 376
898 100
442 280
192 335
253 874
624 322
792 838
818 286
603 988
768 567
257 54
386 466
25 18
232 586
374 773
983 937
162 397
944 423
680 770
820 762
189 719
841 801
831 352
322 749
372 413
790 347
214 456
38 538
20 113
96 471
764 798
508 92
146 699
733 533
892 740
461 370
264 690
228 67
377 783
819 287
288 602
683 497
223 456
834 895
906 336
303 480
655 895
512 231
198 766
234 719
809 555
310 744
151 556
100 148
281 790
801 223
184 199
898 927
151 925
733 697
407 356
873 718
69 645
262 820
750 793
683 396
53 476
518 638
400 958
322 463
723 789
952 810
409 497
657 171
252 995
749 574
669 516
88 223
549 126
161 789
163 689
746 620
156 616
676 375
515 51
457 63
240 697
594 552
387 324
54 753
102 275
598 628
512 859
552 76
314 771
810 652
336 983
429 82
310 511
900 925
392 856
943 537
929 986
81 822
873 274
943 654
548 254
110 459
521 846
224 858
613 464
685 67
353 570
674 308
202 769
637 443
811 770
828 956
9 284
290 303
661 268
670 90
798 943
100 163
86 909
986 407
660 980
884 951
683 477
688 309
263 689
886 599
458 639
55 819
350 929
612 92
939 132
798 841
65 247
414 694
494 384
100 799
670 391
570 539
311 703
494 627
285 970
952 819
919 709
251 266
165 86
627 983
151 135
27 157
360 642
145 42
352 530
44 824
345 988
107 216
79 854
745 878
942 336
653 931
835 768
336 532
895 144
87 951
71 466
168 243
188 238
724 8
305 910
823 452
793 657
451 501
583 452
14 961
880 917
831 862
478 754
482 437
430 881
54 813
537 261
646 609
957 608
997 691
266 789
239 336
79 315
941 428
745 315
853 800
413 883
710 747
785 704
988 969
538 776
977 344
444 891
564 776
784 504
90 915
595 154
635 757
394 147
290 448
241 388
422 717
3 957
388 949
171 463
525 992
450 154
103 756
787 265
915 828
310 950
792 177
521 469
778 460
786 947
146 274
452 217
631 391
670 699
1000 67
33 140
52 152
15 20
904 265
320 592
542 287
891 171
344 342
184 255
253 477
576 641
422 137
728 508
670 483
583 838
723 318
86 341
70 814
553 256
203 395
166 285
353 506
99 202
709 909
451 917
595 814
938 733
903 861
562 673
467 223
218 887
921 518
98 17
178 41
730 748
474 880
571 578
207 150
33 400
718 518
222 945
885 31
559 338
357 918
230 492
984 704
415 74
597 636
709 82
702 997
22 363
297 824
779 364
577 450
879 727
970 529
116 324
989 388
614 51
928 640
980 697
711 911
656 671
710 614
716 999
25 608
183 482
336 475
108 887
950 384
716 565
720 369
781 942
398 568
147 194
595 617
850 639
100 98
418 499
774 336
403 413
479 142
392 138
247 98
638 625
930 406
829 644
497 411
333 629
17 380
324 776
331 28
545 166
571 930
143 325
498 662
9 865
360 587
269 175
182 880
735 12
293 57
284 766
763 351
726 833
770 999
330 62
61 190
139 540
286 861
378 802
156 282
10 771
157 976
912 920
532 984
735 691
224 371
81 670
170 889
892 910
641 540
571 479
405 403
546 659
61 494
261 692
387 521
137 894
379 102
282 493
634 535
323 788
505 985
180 939
201 496
440 536
794 327
197 900
561 619
538 832
253 429
311 951
510 548
137 314
747 715
906 451
988 727
664 5
422 277
557 326
976 457
392 328
449 361
608 482
792 233
647 341
941 952
712 384
75 320
494 378
5 21
958 133
562 850
9 82
686 884
618 914
878 476
185 369
613 849
616 75
924 156
816 573
854 69
587 212
351 181
890 281
84 717
947 850
969 910
421 7
216 339
613 563
62 267
65 485
819 140
476 569
826 972
904 910
562 662
474 737
641 813
420 208
574 305
334 570
540 225
190 574
620 55
683 747
153 868
905 693
581 428
601 358
433 180
606 659
329 107
934 568
224 287
97 7
743 136
572 775
345 4
819 328
279 660
219 532
931 54
664 647
248 4
799 77
768 613
950 876
239 462
774 591
962 807
814 956
780 244
713 47
676 933
241 734
257 17
794 296
118 784
672 836
180 911
595 133
332 578
954 166
336 645
462 396
124 764
909 698
389 980
592 598
475 74
224 714
262 44
104 880
266 35
341 621
640 252
417 181
884 405
384 954
654 782
465 193
485 270
323 191
967 638
21 104
938 384
958 651
726 320
398 318
932 850
459 316
497 65
376 154
29 226
511 608
129 692
515 641
617 481
467 646
769 580
8 184
377 757
673 416
643 536
938 964
481 663
320 275
964 880
748 154
472 509
559 946
611 74
630 186
278 271
154 265
478 186
123 676
610 174
848 519
101 777
654 325
487 12
731 850
349 43
921 474
205 103
451 615
88 299
568 629
788 814
165 745
154 90
961 602
358 138
292 236
240 565
131 678
409 8
584 112
662 740
433 270
686 167
709 14
72 221
2 217
497 592
22 319
707 997
784 362
793 204
412 534
745 203
546 300
659 759
438 350
9 430
281 401
564 696
945 650
233 904
566 90
713 438
494 97
850 777
856 886
263 502
674 59
389 44
968 979
459 216
1000 68
468 602
307 988
678 765
437 673
591 832
395 667
905 87
750 227
753 141
644 308
421 253
368 602
664 977
155 257
507 786
1 955
199 56
169 253
978 893
248 674
194 344
218 594
881 178
98 188
778 912
447 906
939 687
814 457
601 444
508 946
951 624
737 716
610 178
79 821
5 946
814 312
526 364
857 859
508 801
810 547
154 15
794 198
303 674
878 830
476 182
97 79
171 832
499 335
893 547
895 405
165 542
745 500
874 144
273 677
144 279
382 395
59 100
572 26
651 344
585 44
988 63
243 112
474 954
820 736
802 823
806 791
257 458
354 846
280 21
64 353
75 745
876 891
181 347
534 721
992 280
959 332
615 478
940 691
470 139
647 483
936 848
941 706
964 357
582 828
813 566
447 589
977 246
685 573
523 302
941 595
564 434
346 943
994 595
685 590
100 242
284 489
692 286
313 631
151 635
647 534
482 302
9 902
592 233
272 163
367 693
743 850
999 676
30 959
307 214
645 130
99 152
226 880
805 460
298 398
355 371
269 489
50 479
472 437
805 93
218 729
684 645
576 827
178 123
425 208
607 214
663 192
540 269
580 866
466 318
304 557
947 309
328 419
550 370
398 767
921 402
740 836
961 913
214 915
984 302
69 116
841 235
163 499
936 177
338 151
323 761
875 964
987 526
328 129
805 913
718 402
365 922
334 411
997 633
880 752
21 895
11 916
709 53
654 718
345 962
126 89
440 938
862 621
974 171
627 270
121 447
44 545
20 797
556 319
280 962
485 55
694 213
830 128
755 937
955 315
43 293
506 905
609 700
718 78
573 857
261 375
279 978
252 228
859 52
424 811
168 949
377 781
708 823
347 865
837 981
368 632
280 446
677 657
330 524
275 133
369 98
920 846
425 272
243 569
530 501
895 725
414 600
787 30
810 340
661 569
699 762
835 490
251 243
89 204
31 687
15 252
493 850
255 444
140 631
623 97
709 802
636 774
770 678
972 256
100 603
235 820
643 477
57 648
735 951
486 711
415 713
734 425
535 328
409 352
201 859
467 150
875 245
785 13
715 332
438 533
610 122
258 135
518 809
120 754
746 618
283 760
467 7
987 844
842 89
457 61
790 233
135 988
852 402
747 76
758 465
417 671
514 231
880 875
989 7
862 303
355 487
72 675
563 846
515 211
646 635
350 409
27 541
853 921
846 338
205 378
957 971
245 585
873 272
994 872
719 881
996 554
957 828
493 464
692 940
730 717
52 497
901 650
794 634
707 183
217 679
785 917
881 760
219 497
94 767
150 853
739 742
902 236
6 433
869 407
427 140
891 419
363 859
507 442
875 111
897 492
293 555
61 607
66 503
592 915
626 110
554 467
203 131
4 944
138 846
393 383
801 362
937 378
705 258
403 690
136 471
910 39
126 872
108 403
36 624
23 346
868 405
452 31
585 665
838 709
917 826
903 891
72 691
228 44
342 647
296 59
114 798
887 697
157 998
670 833
723 831
515 896
292 15
439 424
131 907
122 356
877 841
235 207
879 878
883 619
849 847
978 365
705 419
74 723
92 313
583 454
770 97
844 493
337 396
176 782
699 637
110 651
202 766
370 565
137 949
599 605
455 210
556 368
634 588
858 632
784 363
418 41
419 448
126 167
703 624
10 239
450 502
970 777
167 823
113 82
124 252
671 359
470 876
841 584
717 485
920 121
774 116
708 962
694 959
932 992
4 743
314 443
760 743
869 395
337 874
211 817
787 376
789 714
976 79
759 332
484 894
639 906
413 294
441 677
647 557
626 402
849 991
407 313
907 785
570 584
413 538
739 402
899 340
307 106
236 83
734 470
888 994
52 589
455 640
944 995
357 690
306 240
951 736
457 100
738 239
520 774
280 555
210 852
249 906
433 243
608 719
934 577
454 882
984 706
586 154
932 98
400 787
220 140
40 962
942 514
687 504
267 453
920 409
888 13
409 916
170 333
185 957
884 121
319 270
160 653
487 580
983 121
31 487
132 739
439 993
578 943
704 542
968 70
604 544
470 793
567 485
419 589
223 563
388 516
405 930
83 523
696 525
45 192
370 52
290 12
302 945
41 845
398 324
972 857
954 828
683 406
795 752
544 560
265 49
627 951
217 776
159 661
661 644
314 134
775 463
727 323
195 705
566 496
699 721
683 180
703 185
118 459
262 561
553 576
956 523
521 34
796 508
558 536
695 954
700 512
701 313
973 564
667 329
700 679
688 684
339 744
610 780
749 461
348 618
558 525
248 558
429 935
654 224
947 22
108 106
625 336
208 943
575 550
245 143
190 512
250 247
141 68
791 14
762 138
780 929
767 415
897 543
382 891
958 115
519 896
500 226
137 272
340 331
178 346
738 354
758 865
245 338
121 348
50 864
1 364
185 767
772 977
262 405
463 316
230 25
949 709
796 148
325 315
737 171
901 866
6 910
558 427
82 32
559 598
750 915
626 677
243 79
704 459
867 905
785 29
285 334
486 465
90 934
789 78
537 29
667 189
993 604
396 87
802 58
803 719
72 323
551 853
272 773
774 60
708 232
320 845
677 783
623 71
617 378
146 344
40 747
954 579
283 744
573 999
754 148
147 958
864 700
718 667
118 471
635 251
636 144
894 840
18 49
886 808
291 664
826 859
868 498
407 214
815 213
743 380
700 667
646 7
5 727
669 656
433 456
182 717
698 264
109 699
682 269
61 403
558 920
291 839
408 553
374 730
25 308
856 167
433 958
143 799
558 890
429 62
407 678
310 323
735 550
810 651
11 802
382 113
720 864
516 569
721 569
427 690
227 868
688 451
840 345
552 365
390 493
713 248
634 553
61 686
508 302
291 272
934 295
721 731
613 477
391 821
413 797
286 21
470 982
541 794
823 982
241 574
21 456
189 822
889 718
391 842
432 825
289 896
379 861
493 352
850 803
101 107
584 395
912 566
987 70
327 729
772 634
99 646
116 616
845 493
811 37
152 678
345 187
588 337
593 493
562 884
742 718
540 828
750 197
769 602
132 142
26 649
942 923
468 806
341 16
658 434
331 38
350 198
616 312
247 842
861 435
632 746
293 110
334 890
653 766
984 171
190 902
469 301
142 381
669 628
691 36
255 429
495 658
97 839
792 929
761 296
505 490
987 826
714 222
87 944
36 934
23 168
830 520
282 98
504 174
467 34
349 90
761 10
101 745
196 307
378 570
883 539
131 680
6 564
82 198
11 846
638 339
597 709
822 650
54 800
129 415
885 346
978 396
228 627
266 784
166 176
721 694
404 134
291 663
63 899
598 992
693 568
34 135
417 373
756 88
349 542
768 873
159 269
823 826
720 505
157 252
655 621
660 149
388 944
6 3
523 183
449 678
413 987
293 819
54 287
217 248
132 445
115 287
78 401
150 802
647 227
252 412
864 518
960 837
100 216
449 448
655 176
369 41
905 85
299 322
78 161
843 51
548 951
878 410
645 27
613 663
282 531
105 968
394 677
834 377
777 508
265 720
50 296
361 251
826 787
496 402
79 529
830 891
339 700
213 859
156 653
272 652
607 252
130 272
960 47
64 20
84 95
784 893
13 101
633 898
508 658
542 606
3 288
832 920
135 36
178 262
724 706
883 503
253 347
701 698
760 362
408 319
118 532
73 437
874 33
124 576
90 592
534 501
6 818
707 963
29 755
926 355
875 649
414 23
200 159
272 636
741 288
135 491
48 467
585 268
372 564
780 627
530 858
786 752
180 359
567 277
401 662
629 716
315 924
483 494
711 686
68 700
52 345
660 24
309 804
392 125
584 338
548 757
881 272
820 944
826 499
596 781
802 391
608 11
656 862
217 952
604 572
473 38
700 803
493 987
76 69
502 939
530 286
757 687
887 60
784 176
711 242
921 852
846 836
173 767
815 304
709 989
875 493
341 441
537 868
683 994
88 307
535 903
891 775
568 354
911 754
736 708
537 789
297 204
596 304
227 655
653 919
399 121
438 527
386 106
705 328
524 644
585 946
896 803
948 740
753 580
112 332
981 654
888 733
32 653
438 809
921 257
376 32
197 222
440 829
790 45
7 333
10 499
852 350
575 31
749 818
366 558
918 833
870 78
673 642
157 529
140 705
181 411
148 212
133 536
637 290
953 483
945 839
215 125
290 404
779 248
211 906
285 111
858 339
52 398
971 592
920 946
741 38
228 79
17 930
380 130
588 479
599 57
982 163
105 429
273 713
280 747
511 585
534 844
369 96
688 412
462 987
126 912
941 882
221 932
868 157
41 602
63 381
726 23
528 15
566 588
553 675
226 973
557 775
321 999
32 126
506 45
344 384
588 99
238 604
421 4
249 261
467 442
954 281
100 724
193 350
856 394
930 574
588 833
238 702
919 235
944 989
283 333
412 623
6 914
714 187
861 824
516 373
334 680
45 715
597 878
567 586
550 668
311 136
442 329
908 94
124 827
982 811
685 50
420 256
98 678
16 253
538 30
791 352
885 325
743 107
232 539
528 88
159 10
966 654
62 334
410 572
379 589
984 985
518 663
711 963
747 394
620 660
197 613
657 862
348 503
349 938
940 19
579 341
745 125
530 787
696 599
966 827
632 297
685 865
102 701
552 734
287 517
612 378
696 693
803 635
332 1
206 542
501 662
747 982
753 277
55 783
756 936
759 283
816 589
27 98
29 144
517 453
346 788
887 119
464 695
506 478
591 911
942 523
544 438
946 502
543 808
469 187
182 908
933 204
277 715
476 617
635 484
800 159
587 121
517 741
633 651
192 975
50 688
827 551
314 606
403 771
690 213
230 666
622 572
272 85
79 691
206 450
362 672
943 987
323 546
141 365
783 770
453 171
571 280
990 450
956 342
831 858
797 854
500 74
706 781
600 312
175 562
349 379
174 907
196 466
128 850
702 860
964 352
963 368
176 110
875 684
589 502
111 918
810 406
150 598
798 322
214 389
362 664
995 878
831 286
492 750
574 628
556 39
538 566
531 675
459 332
940 277
707 34
807 71
720 183
441 826
627 744
320 596
907 898
303 277
894 822
109 38
237 497
700 911
493 903
418 568
722 895
599 80
61 523
66 251
543 895
891 539
522 111
74 734
644 198
960 659
789 653
618 847
51 194
490 558
967 48
74 289
271 457
19 416
113 269
156 799
751 917
565 501
928 760
231 49
312 517
136 723
815 125
796 977
363 82
914 350
18 683
737 705
67 854
982 625
516 333
45 787
173 350
934 583
852 468
266 979
12 51
876 434
549 276
866 760
872 869
245 749
283 960
488 622
434 98
969 225
92 112
239 259
323 828
505 961
380 699
145 880
132 862
719 954
171 752
223 592
634 622
928 789
105 116
177 295
586 973
522 341
907 405
713 454
509 891
367 141
557 205
409 549
347 241
940 362
82 638
450 250
893 326
507 503
916 387
756 706
388 804
124 931
834 788
63 122
12 804
274 191
792 256
976 45
795 611
521 625
985 273
554 262
937 406
789 605
756 992
579 873
797 162
321 105
123 37
274 97
807 841
756 791
815 322
933 905
708 658
650 634
844 466
973 562
832 394
526 130
305 526
378 76
804 544
990 975
312 690
443 664
778 947
302 333
566 818
592 409
221 962
464 932
853 334
835 847
527 909
383 51
205 339
499 526
357 724
552 198
109 735
222 774
944 528
961 918
586 45
239 577
554 527
153 174
82 252
841 121
606 827
607 518
390 348
118 625
529 980
694 398
418 909
475 324
955 94
24 300
405 113
245 626
864 20
276 386
258 661
99 801
408 58
686 333
543 76
824 642
570 490
698 167
241 528
598 158
833 884
741 323
318 748
10 165
449 579
113 734
348 387
153 377
210 412
319 2
513 907
312 308
275 424
349 871
243 284
850 716
902 303
886 160
453 985
467 769
303 495
454 521
881 307
539 578
705 894
585 353
941 294
894 846
933 838
863 389
41 342
96 903
92 957
924 15
950 863
40 922
847 945
601 223
35 641
615 366
308 651
93 395
240 65
786 511
114 614
689 652
692 817
326 19
203 292
636 598
141 102
239 647
349 195
429 171
503 862
362 350
718 723
809 277
421 583
582 2
72 967
240 525
261 771
614 435
672 634
395 197
287 51
957 599
372 169
814 960
562 169
380 652
783 975
936 974
979 880
483 762
428 169
11 147
565 536
878 604
309 346
354 885
448 148
906 908
689 276
319 209
450 256
204 279
354 740
432 906
894 686
493 239
114 228
367 810
115 261
150 772
100 87
258 806
937 716
498 790
856 956
782 420
33 251
252 489
859 307
21 906
460 222
777 228
564 228
32 445
605 944
354 296
174 519
179 431
472 163
470 370
130 633
937 383
22 587
795 841
428 930
700 714
57 568
190 764
818 701
250 75
217 258
79 684
545 588
804 719
697 633
22 772
566 917
535 478
988 354
321 526
35 360
35 249
128 565
606 864
206 370
380 545
306 444
291 464
384 350
81 900
483 824
615 67
429 450
529 924
474 733
310 79
470 425
650 760
563 589
103 444
880 711
133 607
656 680
896 199
759 954
6 118
727 216
795 546
197 745
510 608
984 686
760 891
851 548
856 890
194 865
581 627
623 8
789 870
132 447
246 565
742 910
691 936
108 558
99 309
206 635
834 928
63 470
17 762
255 958
256 610
191 364
377 548
218 316
971 214
256 529
575 472
999 700
817 912
889 887
352 981
922 545
522 679
282 896
874 806
545 782
928 114
765 939
658 39
363 311
631 966
869 989
411 221
838 292
790 475
248 388
49 629
50 390
804 739
734 100
573 58
277 621
443 861
260 637
615 675
710 253
253 638
386 523
382 834
2 212
28 608
547 464
107 473
515 14
701 839
61 488
27 263
882 843
988 277
515 159
534 169
684 766
408 257
562 158
796 380
783 918
642 6
182 247
440 914
183 170
115 784
542 631
980 480
361 112
876 593
133 546
879 22
210 151
141 707
492 813
572 681
955 275
794 671
153 269
360 327
513 61
533 50
1 987
120 455
489 758
346 137
276 188
215 953
155 594
748 691
485 467
877 849
308 124
754 28
772 707
631 358
240 44
191 257
358 818
472 893
511 548
384 563
194 578
119 35
446 337
659 64
592 237
900 190
792 479
868 330
47 823
527 121
400 392
592 380
687 775
581 817
356 565
632 173
627 914
442 750
153 625
133 459
92 610
628 860
990 95
203 315
649 933
688 909
14 753
680 781
131 951
667 25
796 931
563 88
654 257
287 312
808 81
3 241
277 498
761 87
400 145
67 962
304 432
69 112
608 750
628 737
624 376
932 385
885 367
372 86
724 803
298 686
804 219
295 464
923 767
11 25
201 507
348 382
6 796
251 621
196 186
129 231
258 517
445 645
746 232
729 990
146 546
419 618
168 810
370 47
154 709
546 241
967 550
76 133
973 145
612 471
722 403
122 583
159 650
347 506
848 69
377 627
142 987
604 514
366 309
593 279
385 842
995 135
463 613
7 727
934 486
757 641
167 397
759 87
9 823
507 990
436 466
151 889
905 333
442 642
904 947
214 444
800 228
307 940
71 343
74 457
891 352
611 162
169 475
946 133
582 41
606 107
255 180
331 635
574 389
827 799
500 338
315 829
361 524
783 699
951 293
168 172
666 439
903 582
642 498
64 461
547 488
527 646
552 50
457 178
75 719
168 315
171 908
211 511
875 932
606 788
150 366
340 584
167 553
847 187
376 796
40 357
239 171
746 814
152 237
81 185
499 214
46 521
31 351
769 98
699 225
621 328
632 188
560 169
135 301
806 674
73 574
129 892
518 246
651 979
640 64
824 509
163 525
310 940
965 43
993 750
613 13
212 874
464 256
476 51
877 648
436 114
61 603
178 665
532 148
347 454
773 238
868 44
7 682
694 608
329 748
436 144
321 80
768 373
832 880
256 677
133 353
924 108
949 764
484 523
520 377
790 589
224 22
981 222
53 683
730 173
155 247
967 364
143 606
259 181
995 895
53 845
169 320
153 843
279 287
378 726
679 798
282 400
182 147
845 663
707 714
64 344
861 429
367 292
421 860
361 411
859 692
976 616
404 129
679 270
723 421
823 902
556 259
922 501
447 341
319 359
391 794
710 636
694 145
493 432
438 339
902 418
929 660
873 18
107 870
509 710
898 541
259 793
298 817
224 683
797 265
708 228
46 775
74 293
509 695
156 294
928 439
251 992
879 226
57 159
938 240
892 111
342 136
165 385
38 145
846 520
720 570
902 633
616 136
374 136
247 186
284 160
527 100
895 638
24 814
477 689
973 524
152 978
563 304
472 47
715 93
844 319
395 755
216 52
442 698
111 9
174 877
467 229
126 618
472 333
936 444
773 668
823 433
368 868
975 234
173 348
430 181
72 945
456 336
923 500
529 861
645 783
135 177
638 370
486 207
325 323
2 870
846 287
483 855
753 714
91 266
862 517
24 321
371 42
341 718
547 111
396 513
310 390
41 214
405 829
387 423
651 68
564 746
349 912
742 905
413 115
806 746
204 344
461 327
977 415
318 495
531 705
15 336
200 463
219 317
609 629
65 983
686 755
856 966
583 621
929 14
33 49
34 874
570 776
540 672
10 698
544 675
750 17
529 28
116 618
711 350
587 340
513 617
809 722
38 12
995 251
668 179
541 187
764 292
414 468
431 87
696 60
401 96
757 605
165 416
429 530
729 52
412 352
917 781
937 199
259 495
705 35
388 265
942 688
47 20
195 73
394 934
939 929
761 372
64 196
286 839
62 22
658 810
611 790
67 820
286 726
883 694
495 580
426 989
628 640
740 833
158 441
135 975
145 679
166 767
177 22
897 829
805 924
738 465
331 781
25 106
267 681
814 21
763 782
413 531
141 516
14 818
864 423
883 325
79 328
154 945
29 547
871 796
999 299
343 455
453 387
875 985
524 346
229 428
603 755
430 653
343 436
971 887
759 972
246 801
409 662
543 479
102 773
105 231
949 788
586 638
200 269
115 442
501 925
391 755
732 315
661 241
462 572
981 532
363 805
303 368
769 336
8 460
826 291
77 859
284 347
532 241
262 577
682 802
494 380
445 185
281 904
88 874
35 933
307 136
916 630
637 18
636 153
265 668
673 271
178 532
166 204
387 241
479 287
635 477
749 429
17 124
199 908
165 12
334 909
486 760
785 119
930 888
715 498
787 993
643 254
849 981
90 286
443 900
211 160
912 141
72 634
70 165
879 849
224 277
529 901
170 839
840 639
533 580
680 8
370 722
131 688
387 730
372 260
549 25
442 182
46 300
416 773
880 346
858 609
729 799
234 199
263 549
993 914
632 78
120 290
654 969
807 489
505 192
971 736
935 261
646 952
844 282
816 915
431 602
551 885
493 237
829 883
703 910
560 392
834 811
176 385
30 316
142 666
753 441
424 923
575 192
928 283
30 335
38 874
703 108
851 985
344 321
436 145
723 296
433 701
415 997
264 145
618 854
10 786
819 893
160 305
992 650
889 374
635 342
64 620
677 69
684 871
296 32
789 925
340 425
771 766
936 80
611 814
814 145
376 519
891 558
586 16
168 137
740 793
525 115
83 332
819 682
586 99
288 467
440 777
496 901
542 654
305 97
718 463
519 746
635 692
101 503
427 11
915 649
422 907
3 631
119 759
391 900
190 368
64 918
29 668
565 634
159 265
987 152
154 651
806 533
945 652
964 248
533 397
682 585
898 538
792 9
168 995
815 887
375 828
546 8
507 492
181 99
574 714
289 130
327 334
493 98
755 307
4 883
705 538
91 825
77 756
351 469
212 621
412 127
105 763
859 398
682 141
890 663
653 572
865 371
549 763
142 3
213 246
35 714
593 632
83 726
959 601
221 50
819 202
930 817
679 590
203 273
731 775
239 840
278 156
581 477
140 149
822 985
905 771
956 23
832 109
852 96
32 613
452 790
549 128
274 990
888 308
524 962
606 834
545 417
211 438
825 110
624 429
914 801
681 570
756 154
393 546
747 297
361 118
148 316
46 397
668 955
279 742
653 219
569 554
417 277
244 340
484 387
927 662
564 747
103 563
289 979
589 360
203 693
440 353
722 139
77 708
100 267
559 780
622 400
551 940
593 254
663 802
894 154
397 990
927 320
308 207
935 418
43 106
851 691
971 261
366 428
973 380
87 466
42 49
746 840
635 210
907 931
199 133
351 94
902 602
389 957
891 61
359 579
905 343
778 559
654 122
549 864
80 561
906 767
227 290
624 958
535 290
39 915
776 339
939 641
409 398
527 910
546 968
88 378
817 593
753 632
279 326
897 912
177 132
801 962
932 60
97 109
136 959
671 849
918 234
996 634
101 141
166 990
104 637
656 468
36 446
784 424
396 550
879 353
461 8
100 344
779 111
798 153
144 947
257 345
920 7
828 912
462 658
300 281
86 782
124 437
108 850
860 481
511 961
760 693
10 636
427 859
749 463
953 50
963 905
626 610
964 470
859 296
207 504
354 28
260 477
565 391
670 256
917 105
360 865
731 274
255 624
492 358
722 691
796 430
320 415
651 629
1000 273
902 503
568 181
368 427
99 45
959 947
602 412
625 21
476 641
987 134
994 450
995 103
597 167
321 916
108 52
426 401
919 374
245 253
265 637
785 118
149 519
188 83
580 829
880 17
799 605
377 143
451 624
801 893
931 698
588 547
442 341
315 193
351 647
870 957
522 298
71 516
864 358
883 514
576 426
444 410
125 347
197 190
948 794
718 496
551 472
3 397
559 640
301 144
728 644
70 961
895 312
219 779
874 39
580 256
106 395
567 10
146 866
681 899
497 574
232 317
750 547
822 124
665 439
941 354
724 662
742 831
159 421
641 174
271 799
538 734
8 637
281 559
546 229
78 329
694 981
254 588
366 10
186 756
674 129
983 393
829 995
649 325
977 816
206 610
579 4
946 769
587 561
713 846
808 802
554 330
389 211
800 838
749 221
626 104
900 225
441 764
759 388
463 635
925 338
29 285
964 744
420 910
385 965
596 551
189 215
700 74
319 628
434 222
877 202
36 638
57 573
480 443
320 153
341 381
643 319
681 240
882 563
4 355
316 77
362 415
325 809
236 500
553 462
112 170
151 125
482 788
525 144
782 506
325 186
733 301
218 778
705 479
417 764
549 235
184 773
120 899
373 351
747 46
236 553
311 25
519 596
451 394
542 497
663 341
74 976
219 791
119 758
708 433
837 339
768 870
362 885
901 566
315 681
724 571
9 465
162 60
646 778
349 906
43 355
216 813
55 7
531 566
181 241
480 566
372 588
798 96
546 9
151 595
604 823
260 725
546 120
103 893
677 706
960 858
249 735
379 6
270 219
609 20
960 969
354 344
652 919
190 978
872 133
80 812
365 184
599 451
285 919
752 506
952 140
147 874
122 206
820 387
566 639
713 921
170 728
905 395
763 331
914 203
311 441
131 207
961 876
778 874
89 345
710 792
1 719
199 740
648 370
128 998
175 271
126 507
207 158
743 376
728 943
784 897
876 287
291 147
991 638
480 72
80 914
779 646
184 782
783 866
720 926
516 623
810 844
885 136
85 394
262 419
738 442
896 408
471 232
936 905
375 588
732 51
76 559
516 796
115 51
861 250
776 929
119 587
46 583
216 922
802 161
50 698
993 586
300 310
721 732
589 248
404 372
298 787
869 88
265 170
105 299
309 177
733 514
574 743
631 498
741 158
463 917
322 60
415 587
4 848
481 901
971 881
869 314
411 894
692 485
829 668
497 403
540 721
833 345
299 677
446 340
506 419
420 631
772 492
900 185
702 101
939 341
304 920
622 956
22 630
83 763
202 823
985 160
888 917
643 375
661 994
666 700
406 499
120 622
709 762
568 726
880 152
697 950
628 974
187 256
45 738
418 564
127 58
241 711
405 298
136 977
639 95
396 483
128 577
680 46
921 579
810 657
818 132
547 350
50 794
504 457
262 979
819 530
4 612
533 768
41 758
504 787
724 925
673 645
672 816
343 449
860 45
509 57
789 231
253 52
399 448
902 473
480 656
335 530
284 512
581 790
24 261
713 486
529 89
862 769
494 922
668 702
462 659
954 867
677 952
509 652
258 802
155 898
946 907
360 68
323 344
608 506
293 560
556 890
498 238
975 832
396 109
660 936
311 908
402 1000
722 545
874 436
63 491
360 866
971 258
761 730
225 995
100 876
816 869
198 401
223 492
260 252
193 55
527 94
952 836
365 273
116 604
387 243
868 504
320 190
583 919
970 296
273 8
894 546
937 33
900 650
396 19
207 567
307 473
593 976
226 155
268 404
562 89
821 704
1 567
164 197
990 201
631 681
244 858
979 169
789 424
183 969
701 652
45 1000
600 289
84 882
196 340
324 161
431 325
277 245
760 167
656 418
107 704
862 560
846 341
957 964
997 791
230 142
703 66
295 326
78 114
595 836
64 908
873 426
389 246
251 522
959 549
759 978
155 832
836 73
765 125
489 290
732 362
592 733
76 454
276 128
794 581
972 4
356 86
416 259
366 11
126 251
497 232
495 365
797 467
139 156
124 73
17 897
878 166
381 598
43 792
459 308
451 414
351 354
8 348
708 929
130 156
74 965
700 881
593 487
632 635
262 608
229 573
341 169
342 210
569 142
532 262
165 379
169 888
298 156
183 79
268 628
17 645
659 5
833 178
303 82
179 32
17 461
553 275
576 604
892 522
360 651
736 786
494 858
373 907
69 386
753 805
735 989
611 195
648 343
226 191
874 627
302 248
857 839
162 919
179 879
932 151
934 973
993 797
611 848
60 58
97 320
121 60
31 875
378 725
456 311
143 889
477 159
179 525
701 656
427 519
272 360
10 436
766 505
414 402
991 840
172 96
290 247
953 429
534 338
884 147
79 435
263 200
859 855
460 736
437 245
935 346
281 409
135 274
613 429
159 408
419 551
254 617
494 216
242 81
830 342
676 699
726 263
102 557
180 431
290 699
132 330
968 554
332 433
868 195
446 441
639 768
677 547
843 775
401 232
131 387
740 389
123 397
86 243
415 987
4 34
635 22
563 309
970 273
643 397
825 498
956 860
943 70
360 743
911 740
634 213
635 893
792 899
945 439
446 836
680 932
516 330
975 247
776 407
45 782
54 740
571 458
944 760
438 1
628 221
615 474
864 303
572 976
519 699
861 737
498 898
600 281
766 394
289 518
110 686
64 726
249 606
547 131
984 999
201 451
827 115
814 879
690 649
251 581
507 884
380 807
219 227
663 606
703 669
266 16
440 355
457 651
115 419
379 342
566 62
935 463
495 308
81 416
997 146
307 610
74 827
682 954
686 758
835 216
510 866
761 844
320 518
372 839
502 818
503 239
360 775
806 346
38 176
220 819
350 870
846 619
872 226
750 135
916 605
80 277
610 51
29 452
360 549
307 222
145 207
165 132
403 755
578 191
891 940
359 722
502 448
89 410
550 57
879 189
71 396
95 212
559 197
435 307
454 125
853 329
703 995
842 971
681 88
689 581
996 252
781 45
50 57
378 666
235 255
418 565
878 871
502 736
650 888
406 210
279 320
136 978
728 908
303 590
951 370
537 682
794 59
826 497
135 769
463 404
767 250
992 240
41 612
697 378
980 401
361 455
927 300
443 73
148 355
506 264
334 18
980 512
802 992
589 552
691 565
333 234
206 72
923 864
390 446
674 294
793 140
647 25
279 885
452 351
881 635
937 825
556 85
741 479
190 431
82 716
798 860
747 706
911 469
237 880
517 590
648 691
646 98
498 156
134 150
780 668
506 627
747 851
52 315
234 674
986 40
878 122
626 243
368 719
648 913
540 647
479 213
58 269
694 664
329 756
200 716
47 838
173 827
947 812
969 804
878 340
487 812
556 552
815 507
622 857
744 679
530 30
736 887
509 505
867 163
874 653
569 895
967 388
880 54
925 944
982 579
786 342
326 167
718 677
942 429
912 128
641 966
830 742
984 274
359 186
533 577
93 74
410 356
339 182
267 437
451 400
548 2
552 453
55 50
127 485
651 267
500 995
338 2
548 145
179 718
36 398
58 389
797 622
376 800
547 91
876 661
955 238
538 826
409 710
30 246
68 77
909 689
931 329
533 5
737 426
367 83
115 490
243 161
831 480
307 700
739 641
358 558
781 924
952 879
756 656
719 524
337 774
873 852
581 555
877 644
345 275
952 293
645 308
310 595
60 802
530 446
74 962
536 211
440 232
39 384
722 514
501 513
137 136
356 260
937 192
203 187
222 357
973 403
646 507
995 167
83 993
47 890
565 583
570 545
240 132
611 407
51 107
545 869
735 62
238 514
958 283
268 347
730 474
416 686
516 49
866 170
792 825
392 518
165 958
349 177
576 891
106 902
947 196
75 897
518 781
316 429
525 31
636 742
585 844
732 997
623 984
455 954
649 707
68 493
417 691
738 293
810 854
36 274
614 291
413 984
903 667
733 239
805 546
129 1
424 739
926 270
999 364
514 194
34 158
580 78
789 30
78 79
36 873
157 324
431 805
438 343
721 841
190 404
899 780
217 538
345 589
272 821
312 258
998 398
834 667
781 896
381 493
